t(s),m1_X (m),m1_Y (m),m1_Z(m),m2_X (m),m2_Y (m),m2_Z(m),m3_X (m),m3_Y (m),m3_Z(m)
0.000000000000000000e+00,0.000000000000000000e+00,0.000000000000000000e+00,0.000000000000000000e+00,1.338082836649087115e-01,7.725424859373683506e-02,-4.755282581475767656e-01,2.161721940195419078e-01,1.248070744084945061e-01,-4.446265587100820538e-01
1.000000000000000021e-02,0.000000000000000000e+00,0.000000000000000000e+00,0.000000000000000000e+00,1.338121285974593899e-01,7.725646846657997779e-02,-4.755268155638431860e-01,2.161757890892604950e-01,1.248091500229642908e-01,-4.446242281772112004e-01
2.000000000000000042e-02,0.000000000000000000e+00,0.000000000000000000e+00,0.000000000000000000e+00,1.338388752660569780e-01,7.727191066289472443e-02,-4.755167791887290329e-01,2.162007974066959548e-01,1.248235885817676194e-01,-4.446080149235711598e-01
3.000000000000000236e-02,0.000000000000000000e+00,0.000000000000000000e+00,0.000000000000000000e+00,1.339105797027715650e-01,7.731330923873398764e-02,-4.754898619931066106e-01,2.162678396483690146e-01,1.248622954380446404e-01,-4.445645382976129989e-01
4.000000000000000083e-02,0.000000000000000000e+00,0.000000000000000000e+00,0.000000000000000000e+00,1.340476332495667555e-01,7.739243714086957437e-02,-4.754383689749768216e-01,2.163959743428006122e-01,1.249362740383672538e-01,-4.444813941186289696e-01
5.000000000000000278e-02,0.000000000000000000e+00,0.000000000000000000e+00,0.000000000000000000e+00,1.342679998913297867e-01,7.751966588081188325e-02,-4.753554518535673123e-01,2.166019793178537711e-01,1.250552110661686256e-01,-4.443475855012425368e-01
6.000000000000000472e-02,0.000000000000000000e+00,0.000000000000000000e+00,0.000000000000000000e+00,1.345865384185823965e-01,7.770357418526843696e-02,-4.752353293215245689e-01,2.168997120122432010e-01,1.252271071174208827e-01,-4.441538996474171941e-01
7.000000000000000666e-02,0.000000000000000000e+00,0.000000000000000000e+00,0.000000000000000000e+00,1.350144351708704171e-01,7.795062049038728458e-02,-4.750734712238249835e-01,2.172995741196480091e-01,1.254579676127697829e-01,-4.438932230276700919e-01
8.000000000000000167e-02,0.000000000000000000e+00,0.000000000000000000e+00,0.000000000000000000e+00,1.355587692150480583e-01,7.826489189732233065e-02,-4.748667463459636529e-01,2.178081023646612213e-01,1.257515665319186848e-01,-4.435607895870347095e-01
9.000000000000001055e-02,0.000000000000000000e+00,0.000000000000000000e+00,0.000000000000000000e+00,1.362222269034620015e-01,7.864793937232404664e-02,-4.746135338672391457e-01,2.184277023652490546e-01,1.261092927590479751e-01,-4.431543581183094993e-01
1.000000000000000056e-01,0.000000000000000000e+00,0.000000000000000000e+00,0.000000000000000000e+00,1.370029770383321133e-01,7.909870567286114706e-02,-4.743137980741360948e-01,2.191565367378690010e-01,1.265300854802747510e-01,-4.426743158049916138e-01
1.100000000000000006e-01,0.000000000000000000e+00,0.000000000000000000e+00,0.000000000000000000e+00,1.378947115942895929e-01,7.961354885878889343e-02,-4.739691248936336865e-01,2.199885721477628231e-01,1.270104613481522482e-01,-4.421237053501181347e-01
1.200000000000000094e-01,0.000000000000000000e+00,0.000000000000000000e+00,0.000000000000000000e+00,1.388868504114487146e-01,8.018636047194918626e-02,-4.735827175658445243e-01,2.209137832525071843e-01,1.275446322285336276e-01,-4.415081733770648276e-01
1.300000000000000044e-01,0.000000000000000000e+00,0.000000000000000000e+00,0.000000000000000000e+00,1.399649017775691784e-01,8.080877371837907885e-02,-4.731593477471698339e-01,2.219185048149940609e-01,1.281247084930960678e-01,-4.408358382598182024e-01
1.400000000000000133e-01,0.000000000000000000e+00,0.000000000000000000e+00,0.000000000000000000e+00,1.411109646842248488e-01,8.147045344604497696e-02,-4.727052579157368095e-01,2.229859170557255132e-01,1.287409792376186524e-01,-4.401170765373187965e-01
1.499999999999999944e-01,0.000000000000000000e+00,0.000000000000000000e+00,0.000000000000000000e+00,1.423043530675594526e-01,8.215945655041097251e-02,-4.722280114493045411e-01,2.240966439263007426e-01,1.293822576953414238e-01,-4.393642288291401687e-01
1.600000000000000033e-01,0.000000000000000000e+00,0.000000000000000000e+00,0.000000000000000000e+00,1.435223177932927197e-01,8.286264881267654814e-02,-4.717362883296006837e-01,2.252294397093757006e-01,1.300362776456366054e-01,-4.385912288045300533e-01
1.700000000000000122e-01,0.000000000000000000e+00,0.000000000000000000e+00,0.000000000000000000e+00,1.447408387274276564e-01,8.356616220201254497e-02,-4.712396270893479122e-01,2.263619363932838358e-01,1.306901249109473362e-01,-4.378131622085428831e-01
1.800000000000000211e-01,0.000000000000000000e+00,0.000000000000000000e+00,0.000000000000000000e+00,1.459354570856170319e-01,8.425587543269205670e-02,-4.707481171712561419e-01,2.274714227364172947e-01,1.313306871498176598e-01,-4.370457669981793192e-01
1.900000000000000022e-01,0.000000000000000000e+00,0.000000000000000000e+00,0.000000000000000000e+00,1.470821174277646415e-01,8.491790008990003635e-02,-4.702720499639405638e-01,2.285356258194761181e-01,1.319451050862940900e-01,-4.363048899279805548e-01
2.000000000000000111e-01,0.000000000000000000e+00,0.000000000000000000e+00,0.000000000000000000e+00,1.481579891238614111e-01,8.553905490325501570e-02,-4.698215409546817600e-01,2.295334670662425025e-01,1.325212089987231889e-01,-4.356059189933797482e-01
2.100000000000000200e-01,0.000000000000000000e+00,0.000000000000000000e+00,0.000000000000000000e+00,1.491422387434032382e-01,8.610731168604728036e-02,-4.694061391767342384e-01,2.304457669872883863e-01,1.330479256037206959e-01,-4.349632145023153429e-01
2.200000000000000011e-01,0.000000000000000000e+00,0.000000000000000000e+00,0.000000000000000000e+00,1.500167274293965070e-01,8.661219796430877360e-02,-4.690344429305438045e-01,2.312558759949432108e-01,1.335156422573631485e-01,-4.343895637448202951e-01
2.300000000000000100e-01,0.000000000000000000e+00,0.000000000000000000e+00,0.000000000000000000e+00,1.507666106841084874e-01,8.704514326327751628e-02,-4.687137422106396611e-01,2.319502122555653911e-01,1.339165174843414685e-01,-4.338956849053286491e-01
2.400000000000000189e-01,0.000000000000000000e+00,0.000000000000000000e+00,0.000000000000000000e+00,1.513808218827383811e-01,8.739975826414578264e-02,-4.684497081026687271e-01,2.325186914052015941e-01,1.342447290744126498e-01,-4.334898047970103807e-01
2.500000000000000000e-01,0.000000000000000000e+00,0.000000000000000000e+00,0.000000000000000000e+00,1.518524250283209698e-01,8.767203846719855143e-02,-4.682461475378352778e-01,2.329550368267133131e-01,1.344966532209820875e-01,-4.331773321509558294e-01
2.600000000000000089e-01,0.000000000000000000e+00,0.000000000000000000e+00,0.000000000000000000e+00,1.521788265950798358e-01,8.786048649963069945e-02,-4.681048383088908249e-01,2.332569629170611614e-01,1.346709703305197792e-01,-4.329606437090385285e-01
2.700000000000000178e-01,0.000000000000000000e+00,0.000000000000000000e+00,0.000000000000000000e+00,1.523618406627567923e-01,8.796614972086948259e-02,-4.680254544500141445e-01,2.334262272970505925e-01,1.347686951658708943e-01,-4.328389945616663570e-01
2.800000000000000266e-01,0.000000000000000000e+00,0.000000000000000000e+00,0.000000000000000000e+00,1.524076058613184903e-01,8.799257227057859232e-02,-4.680055863991668397e-01,2.334685512482607972e-01,1.347931309104952735e-01,-4.328085574909353861e-01
2.900000000000000355e-01,0.000000000000000000e+00,0.000000000000000000e+00,0.000000000000000000e+00,1.523263569062516809e-01,8.794566316449939358e-02,-4.680408543302877478e-01,2.333934108780519046e-01,1.347497485975281684e-01,-4.328625890644879903e-01
2.999999999999999889e-01,0.000000000000000000e+00,0.000000000000000000e+00,0.000000000000000000e+00,1.521320577115073125e-01,8.783348447211040966e-02,-4.681251072330452900e-01,2.332137047141336628e-01,1.346459951954149248e-01,-4.329917134442011206e-01
3.099999999999999978e-01,0.000000000000000000e+00,0.000000000000000000e+00,0.000000000000000000e+00,1.518419072151324101e-01,8.766596600492285174e-02,-4.682506952666433131e-01,2.329453067032601910e-01,1.344910355315871719e-01,-4.331843088646741835e-01
3.200000000000000067e-01,0.000000000000000000e+00,0.000000000000000000e+00,0.000000000000000000e+00,1.514757331055218981e-01,8.745455528416895552e-02,-4.684087990635881771e-01,2.326065169745674954e-01,1.342954351905277788e-01,-4.334269769499206060e-01
3.300000000000000155e-01,0.000000000000000000e+00,0.000000000000000000e+00,0.000000000000000000e+00,1.510552925098724852e-01,8.721181379309252135e-02,-4.685897973064243049e-01,2.322174261941853668e-01,1.340707935237349657e-01,-4.337050717891872686e-01
3.400000000000000244e-01,0.000000000000000000e+00,0.000000000000000000e+00,0.000000000000000000e+00,1.506035022638401166e-01,8.695097257292848381e-02,-4.687836531647486260e-01,2.317992127677492575e-01,1.338293378894033492e-01,-4.340032641355772158e-01
3.500000000000000333e-01,0.000000000000000000e+00,0.000000000000000000e+00,0.000000000000000000e+00,1.501436244406568477e-01,8.668546198791927948e-02,-4.689803009932975719e-01,2.313733953475904936e-01,1.335834920872490394e-01,-4.343061161981298657e-01
3.600000000000000422e-01,0.000000000000000000e+00,0.000000000000000000e+00,0.000000000000000000e+00,1.496984351712446204e-01,8.642843184338380724e-02,-4.691700168130676918e-01,2.309610658220623836e-01,1.333454335246905820e-01,-4.345986440757141356e-01
3.699999999999999956e-01,0.000000000000000000e+00,0.000000000000000000e+00,0.000000000000000000e+00,1.492894062269075339e-01,8.619227887226443841e-02,-4.693437591480504323e-01,2.305821299328868756e-01,1.331266547870694761e-01,-4.348668475991446236e-01
3.800000000000000044e-01,0.000000000000000000e+00,0.000000000000000000e+00,0.000000000000000000e+00,1.489359291848607048e-01,8.598819880688635120e-02,-4.694934703100667739e-01,2.302545836247473221e-01,1.329375458378930230e-01,-4.350981907873122112e-01
3.900000000000000133e-01,0.000000000000000000e+00,0.000000000000000000e+00,0.000000000000000000e+00,1.486546111308787721e-01,8.582577975269198300e-02,-4.696123317369014782e-01,2.299938529737991511e-01,1.327870129263821197e-01,-4.352820198358247072e-01
4.000000000000000222e-01,0.000000000000000000e+00,0.000000000000000000e+00,0.000000000000000000e+00,1.484586687229724478e-01,8.571265235074160271e-02,-4.696949700688773932e-01,2.298122239448563420e-01,1.326821493576293420e-01,-4.354099091285807410e-01
4.100000000000000311e-01,0.000000000000000000e+00,0.000000000000000000e+00,0.000000000000000000e+00,1.483574440786194215e-01,8.565421027507574836e-02,-4.697376129804940459e-01,2.297183852694535677e-01,1.326279715731251418e-01,-4.354759288704637132e-01
4.200000000000000400e-01,0.000000000000000000e+00,0.000000000000000000e+00,0.000000000000000000e+00,1.483560614722228832e-01,8.565341202690052169e-02,-4.697381952030301178e-01,2.297171035069584255e-01,1.326272315472035168e-01,-4.354768303922699202e-01
4.299999999999999933e-01,0.000000000000000000e+00,0.000000000000000000e+00,0.000000000000000000e+00,1.484552384307819273e-01,8.571067187062200721e-02,-4.696964156877783125e-01,2.298090440412042801e-01,1.326803134393998440e-01,-4.354121469395295096e-01
4.400000000000000022e-01,0.000000000000000000e+00,0.000000000000000000e+00,0.000000000000000000e+00,1.486512587469148439e-01,8.582384425290798258e-02,-4.696137466371809177e-01,2.299907456577524045e-01,1.327852189166260632e-01,-4.352842089360177136e-01
4.500000000000000111e-01,0.000000000000000000e+00,0.000000000000000000e+00,0.000000000000000000e+00,1.489361084853934869e-01,8.598830232609722124e-02,-4.694933944714268503e-01,2.302547497896423323e-01,1.329376417732399118e-01,-4.350980735409879507e-01
4.600000000000000200e-01,0.000000000000000000e+00,0.000000000000000000e+00,0.000000000000000000e+00,1.492977695620383849e-01,8.619710744605356412e-02,-4.693402120762016905e-01,2.305898788971517122e-01,1.331311286536737137e-01,-4.348613690977802815e-01
4.700000000000000289e-01,0.000000000000000000e+00,0.000000000000000000e+00,0.000000000000000000e+00,1.497206592455550267e-01,8.644126291866940925e-02,-4.691605612795068381e-01,2.309816521499187814e-01,1.333573190466200986e-01,-4.345840561120390966e-01
4.800000000000000377e-01,0.000000000000000000e+00,0.000000000000000000e+00,0.000000000000000000e+00,1.501861982802151496e-01,8.671004200564870479e-02,-4.689621247622397515e-01,2.314128209715805573e-01,1.336062544818726883e-01,-4.342781079599802863e-01
4.900000000000000466e-01,0.000000000000000000e+00,0.000000000000000000e+00,0.000000000000000000e+00,1.506734855199801659e-01,8.699137742469970069e-02,-4.687536677349989356e-01,2.318640023951079876e-01,1.338667441981996054e-01,-4.339571167651190553e-01
5.000000000000000000e-01,0.000000000000000000e+00,0.000000000000000000e+00,0.000000000000000000e+00,1.511600532171302469e-01,8.727229741562828047e-02,-4.685447517742488688e-01,2.323143847864049538e-01,1.341267725930531673e-01,-4.336358328079975566e-01
5.100000000000000089e-01,0.000000000000000000e+00,0.000000000000000000e+00,0.000000000000000000e+00,1.516226745640537887e-01,8.753939197480745116e-02,-4.683454060954628795e-01,2.327424784489358356e-01,1.343739325843537336e-01,-4.333296493055399101e-01
5.200000000000000178e-01,0.000000000000000000e+00,0.000000000000000000e+00,0.000000000000000000e+00,1.520381938073980532e-01,8.777929212180574092e-02,-4.681657649790069153e-01,2.331268829381970831e-01,1.345958686197064325e-01,-4.330540481302845857e-01
5.300000000000000266e-01,0.000000000000000000e+00,0.000000000000000000e+00,0.000000000000000000e+00,1.523843492166239710e-01,8.797914504050377560e-02,-4.680156836600328774e-01,2.334470435004499800e-01,1.347807134065070467e-01,-4.328240256438313782e-01
5.400000000000000355e-01,0.000000000000000000e+00,0.000000000000000000e+00,0.000000000000000000e+00,1.526405602932556504e-01,8.812706857456643894e-02,-4.679043482783790675e-01,2.336839707233112351e-01,1.349175034024043263e-01,-4.326535208485524642e-01
5.500000000000000444e-01,0.000000000000000000e+00,0.000000000000000000e+00,0.000000000000000000e+00,1.527886526895161912e-01,8.821256975941239864e-02,-4.678398979840894256e-01,2.338209000011445271e-01,1.349965595578213329e-01,-4.325548700803244495e-01
5.600000000000000533e-01,0.000000000000000000e+00,0.000000000000000000e+00,0.000000000000000000e+00,1.528134971637746531e-01,8.822691372331338544e-02,-4.678290785954161146e-01,2.338438705023140884e-01,1.350098215828549886e-01,-4.325383131060907549e-01
5.700000000000000622e-01,0.000000000000000000e+00,0.000000000000000000e+00,0.000000000000000000e+00,1.527035423232276368e-01,8.816343126652487205e-02,-4.678769470162544297e-01,2.337422067154640848e-01,1.349511259681503150e-01,-4.326115745096444920e-01
5.800000000000000711e-01,0.000000000000000000e+00,0.000000000000000000e+00,0.000000000000000000e+00,1.524512246971397589e-01,8.801775561718173935e-02,-4.679866438099022363e-01,2.335088891313787385e-01,1.348164199981719547e-01,-4.327795415630295572e-01
5.900000000000000799e-01,0.000000000000000000e+00,0.000000000000000000e+00,0.000000000000000000e+00,1.520532436922524822e-01,8.778798117687772185e-02,-4.681592479526092143e-01,2.331408040409679860e-01,1.346039059721386433e-01,-4.330440554818580923e-01
5.999999999999999778e-01,0.000000000000000000e+00,0.000000000000000000e+00,0.000000000000000000e+00,1.515106931031813819e-01,8.747473944822853342e-02,-4.683937230939992924e-01,2.326388657376968483e-01,1.343141117576284738e-01,-4.334038273147078901e-01
6.099999999999999867e-01,0.000000000000000000e+00,0.000000000000000000e+00,0.000000000000000000e+00,1.508290450336868260e-01,8.708118975181325383e-02,-4.686869590309024058e-01,2.320080076223344223e-01,1.339498856549034833e-01,-4.338544831301771043e-01
6.199999999999999956e-01,0.000000000000000000e+00,0.000000000000000000e+00,0.000000000000000000e+00,1.500179863171511585e-01,8.661292478349279234e-02,-4.690339060684163841e-01,2.312570418954497109e-01,1.335163153903344280e-01,-4.343887361550192727e-01
6.300000000000000044e-01,0.000000000000000000e+00,0.000000000000000000e+00,0.000000000000000000e+00,1.490911118100350097e-01,8.607779353730428407e-02,-4.694277940631518264e-01,2.303983907902708850e-01,1.330205729436194639e-01,-4.349966766482301073e-01
6.400000000000000133e-01,0.000000000000000000e+00,0.000000000000000000e+00,0.000000000000000000e+00,1.480654832636482676e-01,8.548564661995933234e-02,-4.698604227724119675e-01,2.294476957344093182e-01,1.324716888972005124e-01,-4.356661641244282124e-01
6.500000000000000222e-01,0.000000000000000000e+00,0.000000000000000000e+00,0.000000000000000000e+00,1.469610668150414801e-01,8.484801148605874976e-02,-4.703225061459918588e-01,2.284233144738398447e-01,1.318802621006579245e-01,-4.363833015515683478e-01
6.600000000000000311e-01,0.000000000000000000e+00,0.000000000000000000e+00,0.000000000000000000e+00,1.458000663826795607e-01,8.417770757390533043e-02,-4.708040507370431782e-01,2.273457200112590226e-01,1.312581126476096427e-01,-4.371329677074810571e-01
6.700000000000000400e-01,0.000000000000000000e+00,0.000000000000000000e+00,0.000000000000000000e+00,1.446061742547305462e-01,8.348841363245058933e-02,-4.712947476437089889e-01,2.262368190806561818e-01,1.306178883968214799e-01,-4.378993821907287698e-01
6.800000000000000488e-01,0.000000000000000000e+00,0.000000000000000000e+00,0.000000000000000000e+00,1.434037637159178979e-01,8.279420158419066589e-02,-4.717843582995790430e-01,2.251192115950329531e-01,1.299726374141485508e-01,-4.386666776659027822e-01
6.900000000000000577e-01,0.000000000000000000e+00,0.000000000000000000e+00,0.000000000000000000e+00,1.422170514423761745e-01,8.210905293361071833e-02,-4.722630767965901866e-01,2.240154157974258431e-01,1.293353606132697231e-01,-4.394194556231458826e-01
7.000000000000000666e-01,0.000000000000000000e+00,0.000000000000000000e+00,0.000000000000000000e+00,1.410692593712684628e-01,8.144637487238295948e-02,-4.727218548793667430e-01,2.229470864211949566e-01,1.287185603603196449e-01,-4.401433049304135370e-01
7.100000000000000755e-01,0.000000000000000000e+00,0.000000000000000000e+00,0.000000000000000000e+00,1.399818066213393553e-01,8.081853373448039113e-02,-4.731526798191410532e-01,2.219342547397515353e-01,1.281338017163944909e-01,-4.408252663253489079e-01
7.200000000000000844e-01,0.000000000000000000e+00,0.000000000000000000e+00,0.000000000000000000e+00,1.389735616579899913e-01,8.023642323348155470e-02,-4.735487995410720963e-01,2.209946197248286448e-01,1.275913031875887671e-01,-4.414542302476794911e-01
7.299999999999999822e-01,0.000000000000000000e+00,0.000000000000000000e+00,0.000000000000000000e+00,1.380601831956214942e-01,7.970908393236109113e-02,-4.739048931533153541e-01,2.201429184853257448e-01,1.270995732476926099e-01,-4.420212595803709177e-01
7.399999999999999911e-01,0.000000000000000000e+00,0.000000000000000000e+00,0.000000000000000000e+00,1.372535753324714558e-01,7.924338866544095028e-02,-4.742171880175490295e-01,2.193904016793552514e-01,1.266651074671958366e-01,-4.425198325513726161e-01
7.500000000000000000e-01,0.000000000000000000e+00,0.000000000000000000e+00,0.000000000000000000e+00,1.365614782277217165e-01,7.884380621570832859e-02,-4.744835264639640782e-01,2.187444357467255018e-01,1.262921588621047364e-01,-4.429460039776807467e-01
7.600000000000000089e-01,0.000000000000000000e+00,0.000000000000000000e+00,0.000000000000000000e+00,1.359872104435008167e-01,7.851225255590146834e-02,-4.747033861206315097e-01,2.182082487720928832e-01,1.259825911679646193e-01,-4.432984850982709113e-01
7.700000000000000178e-01,0.000000000000000000e+00,0.000000000000000000e+00,0.000000000000000000e+00,1.355295731331850329e-01,7.824803553159942471e-02,-4.748778577084661334e-01,2.177808308272377591e-01,1.257358213024460381e-01,-4.435786434958263746e-01
7.800000000000000266e-01,0.000000000000000000e+00,0.000000000000000000e+00,0.000000000000000000e+00,1.351829198519515218e-01,7.804789516636378988e-02,-4.750095833142749524e-01,2.174569930901961157e-01,1.255488534977912685e-01,-4.437904252477294365e-01
7.900000000000000355e-01,0.000000000000000000e+00,0.000000000000000000e+00,0.000000000000000000e+00,1.349373892078034043e-01,7.790613798287057690e-02,-4.751026569683395318e-01,2.172275832758165937e-01,1.254164036797045245e-01,-4.439402017751912788e-01
8.000000000000000444e-01,0.000000000000000000e+00,0.000000000000000000e+00,0.000000000000000000e+00,1.347792911761512835e-01,7.781486004173787663e-02,-4.751624882361180080e-01,2.170798483237318388e-01,1.253311088653496774e-01,-4.440365442194228462e-01
8.100000000000000533e-01,0.000000000000000000e+00,0.000000000000000000e+00,0.000000000000000000e+00,1.346916319683846008e-01,7.776424997453683374e-02,-4.751956288767721914e-01,2.169979292433059925e-01,1.252838128622140446e-01,-4.440899288869574746e-01
8.200000000000000622e-01,0.000000000000000000e+00,0.000000000000000000e+00,0.000000000000000000e+00,1.346547571431044310e-01,7.774296028423501037e-02,-4.752095627246735177e-01,2.169634678312768183e-01,1.252639165567023538e-01,-4.441123786109795191e-01
8.300000000000000711e-01,0.000000000000000000e+00,0.000000000000000000e+00,0.000000000000000000e+00,1.346470883996020718e-01,7.773853273310957213e-02,-4.752124599734449117e-01,2.169563009059818914e-01,1.252597787304540744e-01,-4.441170468802010940e-01
8.400000000000000799e-01,0.000000000000000000e+00,0.000000000000000000e+00,0.000000000000000000e+00,1.346459263588091204e-01,7.773786182854494631e-02,-4.752128989761369993e-01,2.169552149026856558e-01,1.252591517261586462e-01,-4.441177542447189985e-01
8.500000000000000888e-01,0.000000000000000000e+00,0.000000000000000000e+00,0.000000000000000000e+00,1.346282897098139975e-01,7.772767930450001639e-02,-4.752195613395425178e-01,2.169387322088822123e-01,1.252496354384542709e-01,-4.441284896177424835e-01
8.599999999999999867e-01,0.000000000000000000e+00,0.000000000000000000e+00,0.000000000000000000e+00,1.345717603983878075e-01,7.769504209133100414e-02,-4.752409091584027245e-01,2.168859004481457076e-01,1.252191330071712738e-01,-4.441628923218703395e-01
8.699999999999999956e-01,0.000000000000000000e+00,0.000000000000000000e+00,0.000000000000000000e+00,1.344553050040175890e-01,7.762780653804277065e-02,-4.752848562792305054e-01,2.167770569183875007e-01,1.251562921659658267e-01,-4.442337336640134193e-01
8.800000000000000044e-01,0.000000000000000000e+00,0.000000000000000000e+00,0.000000000000000000e+00,1.342600439780000654e-01,7.751507253210931925e-02,-4.753584480382854194e-01,2.165945423589401009e-01,1.250509173359378723e-01,-4.443524190254417028e-01
8.900000000000000133e-01,0.000000000000000000e+00,0.000000000000000000e+00,0.000000000000000000e+00,1.339699428369788559e-01,7.734758256024849843e-02,-4.754675655482108465e-01,2.163233409250375217e-01,1.248943391150695859e-01,-4.445285325241114527e-01
9.000000000000000222e-01,0.000000000000000000e+00,0.000000000000000000e+00,0.000000000000000000e+00,1.335724025417490135e-01,7.711806256378382629e-02,-4.756166709711017737e-01,2.159516264466208035e-01,1.246797296608939953e-01,-4.447694459455882598e-01
9.100000000000000311e-01,0.000000000000000000e+00,0.000000000000000000e+00,0.000000000000000000e+00,1.330587299600193285e-01,7.682149356044686017e-02,-4.758086091156494279e-01,2.154711985267178109e-01,1.244023544720117974e-01,-4.450800116914706561e-01
9.200000000000000400e-01,0.000000000000000000e+00,0.000000000000000000e+00,0.000000000000000000e+00,1.324244733566469767e-01,7.645530533975453125e-02,-4.760444781127280423e-01,2.148777956320325200e-01,1.240597531510273244e-01,-4.454623559768262075e-01
9.300000000000000488e-01,0.000000000000000000e+00,0.000000000000000000e+00,0.000000000000000000e+00,1.316696121543510789e-01,7.601948602140819189e-02,-4.763235780225074101e-01,2.141712759521491871e-01,1.236518438236589301e-01,-4.459157836139441278e-01
9.400000000000000577e-01,0.000000000000000000e+00,0.000000000000000000e+00,0.000000000000000000e+00,1.307985946800090671e-01,7.551660384812797222e-02,-4.766434413405681303e-01,2.133556604296430459e-01,1.231809479821847908e-01,-4.464367998013169525e-01
9.500000000000000666e-01,0.000000000000000000e+00,0.000000000000000000e+00,0.000000000000000000e+00,1.298202222059632871e-01,7.495174023686991538e-02,-4.769999439642095829e-01,2.124390360213151419e-01,1.226517346332908764e-01,-4.470192478694616223e-01
9.600000000000000755e-01,0.000000000000000000e+00,0.000000000000000000e+00,0.000000000000000000e+00,1.287473822769476806e-01,7.433233581505538368e-02,-4.773874897911667414e-01,2.114333209985546358e-01,1.220710847941720578e-01,-4.476545554651445991e-01
9.700000000000000844e-01,0.000000000000000000e+00,0.000000000000000000e+00,0.000000000000000000e+00,1.275966390396017225e-01,7.366795389720554033e-02,-4.777992572978706498e-01,2.103538979854603919e-01,1.214478796269926053e-01,-4.483320757389884226e-01
9.800000000000000933e-01,0.000000000000000000e+00,0.000000000000000000e+00,0.000000000000000000e+00,1.263876929942274741e-01,7.296996857247299573e-02,-4.782274926707258955e-01,2.092191244824244956e-01,1.207927178395455797e-01,-4.490395052417366917e-01
9.900000000000001021e-01,0.000000000000000000e+00,0.000000000000000000e+00,0.000000000000000000e+00,1.251427271566085409e-01,7.225118721099181573e-02,-4.786638317090699535e-01,2.080497347831793409e-01,1.201175703818988111e-01,-4.497633568246732216e-01
1.000000000000000000e+00,0.000000000000000000e+00,0.000000000000000000e+00,0.000000000000000000e+00,1.238856608935094833e-01,7.152541966560237163e-02,-4.790996319834088801e-01,2.068681513417910400e-01,1.194353828639432569e-01,-4.504894641171679481e-01
1.010000000000000009e+00,0.000000000000000000e+00,0.000000000000000000e+00,0.000000000000000000e+00,1.226413364810354095e-01,7.080700863110124532e-02,-4.795262976259598298e-01,2.056977275863911547e-01,1.187596383936972283e-01,-4.512034941735193483e-01
1.020000000000000018e+00,0.000000000000000000e+00,0.000000000000000000e+00,0.000000000000000000e+00,1.214346665100010519e-01,7.011033739850151825e-02,-4.799355814684644894e-01,2.045619476563503292e-01,1.181038955453479616e-01,-4.518914465090638766e-01
1.030000000000000027e+00,0.000000000000000000e+00,0.000000000000000000e+00,0.000000000000000000e+00,1.202897724092196891e-01,6.944933248122178715e-02,-4.803198526728317819e-01,2.034836112805539221e-01,1.174813177485049542e-01,-4.525401196803430781e-01
1.040000000000000036e+00,0.000000000000000000e+00,0.000000000000000000e+00,0.000000000000000000e+00,1.192291453888252029e-01,6.883697918548724315e-02,-4.806723220515897177e-01,2.024840337473715612e-01,1.169042113906462177e-01,-4.531375303773947927e-01
1.050000000000000044e+00,0.000000000000000000e+00,0.000000000000000000e+00,0.000000000000000000e+00,1.182728608892551769e-01,6.828486807223861643e-02,-4.809872214200995311e-01,2.015822914183545700e-01,1.163835902142485723e-01,-4.536732741912040678e-01
1.060000000000000053e+00,0.000000000000000000e+00,0.000000000000000000e+00,0.000000000000000000e+00,1.174378760982119213e-01,6.780278937836055342e-02,-4.812599370507114060e-01,2.007945423601351087e-01,1.159287830834316857e-01,-4.541388212993671680e-01
1.070000000000000062e+00,0.000000000000000000e+00,0.000000000000000000e+00,0.000000000000000000e+00,1.167374372899167984e-01,6.739839084384049994e-02,-4.814871001871635636e-01,2.001334493612341725e-01,1.155471008625568452e-01,-4.545277438496273525e-01
1.080000000000000071e+00,0.000000000000000000e+00,0.000000000000000000e+00,0.000000000000000000e+00,1.161806197501029786e-01,6.707691208733948529e-02,-4.816666393464564266e-01,1.996077289160047008e-01,1.152435760219851224e-01,-4.548358745115206325e-01
1.090000000000000080e+00,0.000000000000000000e+00,0.000000000000000000e+00,0.000000000000000000e+00,1.157720180482970929e-01,6.684100578481051713e-02,-4.817977996864449275e-01,1.992218448514786189e-01,1.150207857534550071e-01,-4.550613973725207151e-01
1.100000000000000089e+00,0.000000000000000000e+00,0.000000000000000000e+00,0.000000000000000000e+00,1.155115986329962319e-01,6.669065256528436403e-02,-4.818811341416741056e-01,1.989758593872255621e-01,1.148787659794517635e-01,-4.552048731155603489e-01
1.110000000000000098e+00,0.000000000000000000e+00,0.000000000000000000e+00,0.000000000000000000e+00,1.153947204204415350e-01,6.662317289780350649e-02,-4.819184695901553850e-01,1.988654478640401457e-01,1.148150198568190505e-01,-4.552692004310339713e-01
1.120000000000000107e+00,0.000000000000000000e+00,0.000000000000000000e+00,0.000000000000000000e+00,1.154123225104245892e-01,6.663333546919351924e-02,-4.819128494001790330e-01,1.988820765085644870e-01,1.148246204092114170e-01,-4.552595152125016309e-01
1.130000000000000115e+00,0.000000000000000000e+00,0.000000000000000000e+00,0.000000000000000000e+00,1.155512716859924266e-01,6.671355781311129329e-02,-4.818684517746172347e-01,1.990133357898114796e-01,1.149004029905730112e-01,-4.551830286493727118e-01
1.140000000000000124e+00,0.000000000000000000e+00,0.000000000000000000e+00,0.000000000000000000e+00,1.157948562241268159e-01,6.685419141177360858e-02,-4.817904818099997821e-01,1.992434155339276869e-01,1.150332395927735896e-01,-4.550488052452903442e-01
1.150000000000000133e+00,0.000000000000000000e+00,0.000000000000000000e+00,0.000000000000000000e+00,1.161234070279566211e-01,6.704388030680721866e-02,-4.816850344920693416e-01,1.995537023265397392e-01,1.152123837560141417e-01,-4.548674823693464320e-01
1.160000000000000142e+00,0.000000000000000000e+00,0.000000000000000000e+00,0.000000000000000000e+00,1.165150224222269992e-01,6.726997956010802304e-02,-4.815589261969199231e-01,1.999234751233646690e-01,1.154258721798000209e-01,-4.546509343728767361e-01
1.170000000000000151e+00,0.000000000000000000e+00,0.000000000000000000e+00,0.000000000000000000e+00,1.169463693220731959e-01,6.751901780884833615e-02,-4.814194937230041882e-01,2.003306716103061547e-01,1.156609671811487522e-01,-4.544118865994648537e-01
1.180000000000000160e+00,0.000000000000000000e+00,0.000000000000000000e+00,0.000000000000000000e+00,1.173935310232742529e-01,6.777718673740805444e-02,-4.812743623255347214e-01,2.007526958160881503e-01,1.159046229699615266e-01,-4.541634876305715163e-01
1.189999999999999947e+00,0.000000000000000000e+00,0.000000000000000000e+00,0.000000000000000000e+00,1.178328706364215606e-01,6.803083958132431774e-02,-4.811311873735067413e-01,2.011672368001070910e-01,1.161439583186749946e-01,-4.539188515409769975e-01
1.199999999999999956e+00,0.000000000000000000e+00,0.000000000000000000e+00,0.000000000000000000e+00,1.182418791934438107e-01,6.826698078182197316e-02,-4.809973776848865401e-01,2.015530688392058178e-01,1.163667185503106244e-01,-4.536905853721577286e-01
1.209999999999999964e+00,0.000000000000000000e+00,0.000000000000000000e+00,0.000000000000000000e+00,1.185999786202076439e-01,6.847372958226072281e-02,-4.808798118328339033e-01,2.018908052630706274e-01,1.165617107655441131e-01,-4.534903199999296142e-01
1.219999999999999973e+00,0.000000000000000000e+00,0.000000000000000000e+00,0.000000000000000000e+00,1.188892519634474482e-01,6.864074162484960773e-02,-4.807845612712231542e-01,2.021635807250944938e-01,1.167191977519719259e-01,-4.533282646212832834e-01
1.229999999999999982e+00,0.000000000000000000e+00,0.000000000000000000e+00,0.000000000000000000e+00,1.190950763141462726e-01,6.875957436913135434e-02,-4.807166355872278252e-01,2.023576400022114585e-01,1.168312379278541313e-01,-4.532128058395752945e-01
1.239999999999999991e+00,0.000000000000000000e+00,0.000000000000000000e+00,0.000000000000000000e+00,1.192066375948756113e-01,6.882398430459157890e-02,-4.806797652676523258e-01,2.024628151562611889e-01,1.168919608313568059e-01,-4.531501715458157165e-01
1.250000000000000000e+00,0.000000000000000000e+00,0.000000000000000000e+00,0.000000000000000000e+00,1.192173105921112142e-01,6.883014636241861772e-02,-4.806762359498460979e-01,2.024728768577211402e-01,1.168977699574032247e-01,-4.531441774048786675e-01
1.260000000000000009e+00,0.000000000000000000e+00,0.000000000000000000e+00,0.000000000000000000e+00,1.191248921554392826e-01,6.877678855312799322e-02,-4.807067852914844175e-01,2.023857497222347479e-01,1.168474670822764322e-01,-4.531960698702331980e-01
1.270000000000000018e+00,0.000000000000000000e+00,0.000000000000000000e+00,0.000000000000000000e+00,1.189316802260377420e-01,6.866523759367736124e-02,-4.807705695909592070e-01,2.022035855575747554e-01,1.167422945527732819e-01,-4.533044745534882680e-01
1.280000000000000027e+00,0.000000000000000000e+00,0.000000000000000000e+00,0.000000000000000000e+00,1.186443962025138382e-01,6.849937408536195538e-02,-4.808652025252550533e-01,2.019326924390778266e-01,1.165858943378874635e-01,-4.534654528911102878e-01
1.290000000000000036e+00,0.000000000000000000e+00,0.000000000000000000e+00,0.000000000000000000e+00,1.182739530331229222e-01,6.828549862179465746e-02,-4.809868633464863263e-01,2.015833215420532176e-01,1.163841849564432873e-01,-4.536726638977684467e-01
1.300000000000000044e+00,0.000000000000000000e+00,0.000000000000000000e+00,0.000000000000000000e+00,1.178350762781601030e-01,6.803211300917580417e-02,-4.811304671271888211e-01,2.011693176915239634e-01,1.161451597218946807e-01,-4.539176219235184773e-01
1.310000000000000053e+00,0.000000000000000000e+00,0.000000000000000000e+00,0.000000000000000000e+00,1.173457901437909012e-01,6.774962352778698960e-02,-4.812898856690970839e-01,2.007076436585801260e-01,1.158786120946966869e-01,-4.541900362579822659e-01
1.320000000000000062e+00,0.000000000000000000e+00,0.000000000000000000e+00,0.000000000000000000e+00,1.168267850522615448e-01,6.744997579848173441e-02,-4.814582048933602754e-01,2.002177923118822200e-01,1.155957962878177564e-01,-4.544782145739675872e-01
1.330000000000000071e+00,0.000000000000000000e+00,0.000000000000000000e+00,0.000000000000000000e+00,1.163006875527401313e-01,6.714623326551305560e-02,-4.816280031653197291e-01,1.997211047357679292e-01,1.153090335820450285e-01,-4.547695098591145180e-01
1.340000000000000080e+00,0.000000000000000000e+00,0.000000000000000000e+00,0.000000000000000000e+00,1.157912571282260494e-01,6.685211347278646743e-02,-4.817916351462390168e-01,1.992400162017233800e-01,1.150312769874103636e-01,-4.550507897571244298e-01
1.350000000000000089e+00,0.000000000000000000e+00,0.000000000000000000e+00,0.000000000000000000e+00,1.153225375308670198e-01,6.658149808707677919e-02,-4.819415072910013809e-01,1.987972552213011224e-01,1.147756488161769117e-01,-4.553089080561706359e-01
1.360000000000000098e+00,0.000000000000000000e+00,0.000000000000000000e+00,0.000000000000000000e+00,1.149179924906920669e-01,6.634793389923243634e-02,-4.820703337369063868e-01,1.984150235760927528e-01,1.145549672729230806e-01,-4.555311601772134011e-01
1.370000000000000107e+00,0.000000000000000000e+00,0.000000000000000000e+00,0.000000000000000000e+00,1.145996568200806781e-01,6.616414271411229231e-02,-4.821713646367091211e-01,1.981141869706406489e-01,1.143812791777832072e-01,-4.557057075510642097e-01
1.380000000000000115e+00,0.000000000000000000e+00,0.000000000000000000e+00,0.000000000000000000e+00,1.143873339481018964e-01,6.604155804682022846e-02,-4.822385824910672691e-01,1.979135065725542986e-01,1.142654162959269581e-01,-4.558219592723391500e-01
1.390000000000000124e+00,0.000000000000000000e+00,0.000000000000000000e+00,0.000000000000000000e+00,1.142978696935690874e-01,6.598990583538286159e-02,-4.822668652430407432e-01,1.978289410343610499e-01,1.142165923596869248e-01,-4.558709029088875986e-01
1.400000000000000133e+00,0.000000000000000000e+00,0.000000000000000000e+00,0.000000000000000000e+00,1.143445296205505973e-01,6.601684495678600273e-02,-4.822521173906929581e-01,1.978730465583856679e-01,1.142420566958552985e-01,-4.558453794079785348e-01
1.410000000000000142e+00,0.000000000000000000e+00,0.000000000000000000e+00,0.000000000000000000e+00,1.145365036835432199e-01,6.612768123373222173e-02,-4.821913718624583622e-01,1.980544991872548177e-01,1.143468184199780552e-01,-4.557402993689654846e-01
1.420000000000000151e+00,0.000000000000000000e+00,0.000000000000000000e+00,0.000000000000000000e+00,1.148785571962182422e-01,6.632516592135240252e-02,-4.820828657627444502e-01,1.983777588921662727e-01,1.145334524976268364e-01,-4.555527993942034559e-01
1.430000000000000160e+00,0.000000000000000000e+00,0.000000000000000000e+00,0.000000000000000000e+00,1.153708416386739488e-01,6.660938647672207114e-02,-4.819260923967270682e-01,1.988428893911003970e-01,1.148019957163947669e-01,-4.552823378060382176e-01
1.440000000000000169e+00,0.000000000000000000e+00,0.000000000000000000e+00,0.000000000000000000e+00,1.160088726886325944e-01,6.697775387516703705e-02,-4.817218304616785463e-01,1.994455412361034186e-01,1.151499369213348917e-01,-4.549307289116117370e-01
1.450000000000000178e+00,0.000000000000000000e+00,0.000000000000000000e+00,0.000000000000000000e+00,1.167836763883222245e-01,6.742508699975195696e-02,-4.814721493215401993e-01,2.001770988937519036e-01,1.155723019319059713e-01,-4.545021145216394109e-01
1.459999999999999964e+00,0.000000000000000000e+00,0.000000000000000000e+00,0.000000000000000000e+00,1.176820978258274614e-01,6.794379085854133915e-02,-4.811803873134098963e-01,2.010249856690771442e-01,1.160618295898823288e-01,-4.540028709699933662e-01
1.469999999999999973e+00,0.000000000000000000e+00,0.000000000000000000e+00,0.000000000000000000e+00,1.186872604086376681e-01,6.852412174630614916e-02,-4.808510985280055050e-01,2.019731137612190419e-01,1.166092315991066886e-01,-4.534414498294830342e-01
1.479999999999999982e+00,0.000000000000000000e+00,0.000000000000000000e+00,0.000000000000000000e+00,1.197791580222946767e-01,6.915452912747853398e-02,-4.804899628552368185e-01,2.030024608415099685e-01,1.172035254130022186e-01,-4.528281512042454104e-01
1.489999999999999991e+00,0.000000000000000000e+00,0.000000000000000000e+00,0.000000000000000000e+00,1.209353573613776017e-01,6.982206112713493229e-02,-4.801036545578824533e-01,2.040917496207525772e-01,1.178324265829231721e-01,-4.521748301070284692e-01
1.500000000000000000e+00,0.000000000000000000e+00,0.000000000000000000e+00,0.000000000000000000e+00,1.221317837188933969e-01,7.051281820671223555e-02,-4.796996663269514904e-01,2.052182031641051341e-01,1.184827848394073846e-01,-4.514945390442666184e-01
1.510000000000000009e+00,0.000000000000000000e+00,0.000000000000000000e+00,0.000000000000000000e+00,1.233435606946643587e-01,7.121243796987139496e-02,-4.792860885875458998e-01,2.063583463741230917e-01,1.191410468286259738e-01,-4.508011133995973307e-01
1.520000000000000018e+00,0.000000000000000000e+00,0.000000000000000000e+00,0.000000000000000000e+00,1.245458727358662587e-01,7.190659315050923484e-02,-4.788713474890187727e-01,2.074888231498614177e-01,1.197937278994111177e-01,-4.501087102288150454e-01
1.530000000000000027e+00,0.000000000000000000e+00,0.000000000000000000e+00,0.000000000000000000e+00,1.257148191773619916e-01,7.258148469317504681e-02,-4.784639091080303830e-01,2.085871991936745773e-01,1.204278756039780796e-01,-4.494313152307603532e-01
1.540000000000000036e+00,0.000000000000000000e+00,0.000000000000000000e+00,0.000000000000000000e+00,1.268282294495690632e-01,7.322431241355230325e-02,-4.780719614098383197e-01,2.096327221331638346e-01,1.210315085545361352e-01,-4.487822364444173928e-01
1.550000000000000044e+00,0.000000000000000000e+00,0.000000000000000000e+00,0.000000000000000000e+00,1.278664112386400653e-01,7.382370694894020702e-02,-4.777030889258179758e-01,2.106070133338510952e-01,1.215940158415220046e-01,-4.481736061462419096e-01
1.560000000000000053e+00,0.000000000000000000e+00,0.000000000000000000e+00,0.000000000000000000e+00,1.288128064340655077e-01,7.437010846977885892e-02,-4.773639574420897591e-01,2.114946692332501932e-01,1.221065042139878321e-01,-4.476159140541782211e-01
1.570000000000000062e+00,0.000000000000000000e+00,0.000000000000000000e+00,0.000000000000000000e+00,1.296545334680927197e-01,7.485607979945865798e-02,-4.770600269025149776e-01,2.122837539536258644e-01,1.225620824897101502e-01,-4.471175949827315144e-01
1.580000000000000071e+00,0.000000000000000000e+00,0.000000000000000000e+00,0.000000000000000000e+00,1.303827989217236916e-01,7.527654405515400715e-02,-4.767953100235465258e-01,2.129661690988574052e-01,1.229560750575086625e-01,-4.466846924014848952e-01
1.590000000000000080e+00,0.000000000000000000e+00,0.000000000000000000e+00,0.000000000000000000e+00,1.309931658467928528e-01,7.562893956364712122e-02,-4.765721918050955797e-01,2.135378908148814481e-01,1.232861587441566736e-01,-4.463206159796367367e-01
1.600000000000000089e+00,0.000000000000000000e+00,0.000000000000000000e+00,0.000000000000000000e+00,1.314856709746913266e-01,7.591328753181658673e-02,-4.763913213991696205e-01,2.139990682695149804e-01,1.235524196717335543e-01,-4.460260063864429636e-01
1.610000000000000098e+00,0.000000000000000000e+00,0.000000000000000000e+00,0.000000000000000000e+00,1.318647877371359745e-01,7.613217069666830539e-02,-4.762515830315458554e-01,2.143539816367105166e-01,1.237573289998228909e-01,-4.457987147528785221e-01
1.620000000000000107e+00,0.000000000000000000e+00,0.000000000000000000e+00,0.000000000000000000e+00,1.321392367412367042e-01,7.629062390306468044e-02,-4.761501473463223832e-01,2.146108614647604662e-01,1.239056386376969077e-01,-4.456338977850964889e-01
1.630000000000000115e+00,0.000000000000000000e+00,0.000000000000000000e+00,0.000000000000000000e+00,1.323216499745848707e-01,7.639594023244199172e-02,-4.760825992031262888e-01,2.147815750165113780e-01,1.240042001527546234e-01,-4.455242231101494976e-01
1.640000000000000124e+00,0.000000000000000000e+00,0.000000000000000000e+00,0.000000000000000000e+00,1.324280995267429761e-01,7.645739891003559829e-02,-4.760431331377932285e-01,2.148811888456363117e-01,1.240617122238149156e-01,-4.454601735737789836e-01
1.650000000000000133e+00,0.000000000000000000e+00,0.000000000000000000e+00,0.000000000000000000e+00,1.324775059471181571e-01,7.648592372013890417e-02,-4.760248038607949872e-01,2.149274205421088102e-01,1.240884041062184084e-01,-4.454304343727394366e-01
1.660000000000000142e+00,0.000000000000000000e+00,0.000000000000000000e+00,0.000000000000000000e+00,1.324909454305825129e-01,7.649368300953481026e-02,-4.760198166447980883e-01,2.149399962144236675e-01,1.240956646740146163e-01,-4.454223434409841365e-01
1.670000000000000151e+00,0.000000000000000000e+00,0.000000000000000000e+00,0.000000000000000000e+00,1.324908787080237571e-01,7.649364448724756127e-02,-4.760198414060429761e-01,2.149399337806383314e-01,1.240956286278518533e-01,-4.454223836111439461e-01
1.680000000000000160e+00,0.000000000000000000e+00,0.000000000000000000e+00,0.000000000000000000e+00,1.325003276611119718e-01,7.649909984285659104e-02,-4.760163346912904547e-01,2.149487753529146228e-01,1.241007333119856365e-01,-4.454166947541478017e-01
1.690000000000000169e+00,0.000000000000000000e+00,0.000000000000000000e+00,0.000000000000000000e+00,1.325420280994129008e-01,7.652317560213496572e-02,-4.760008554436213069e-01,2.149877947068729866e-01,1.241232611464970909e-01,-4.453915852027673372e-01
1.700000000000000178e+00,0.000000000000000000e+00,0.000000000000000000e+00,0.000000000000000000e+00,1.326375886531845627e-01,7.657834751357893432e-02,-4.759653629922645512e-01,2.150772077877411426e-01,1.241748838128053922e-01,-4.453340239868329720e-01
1.710000000000000187e+00,0.000000000000000000e+00,0.000000000000000000e+00,0.000000000000000000e+00,1.328066861891688821e-01,7.667597602149878178e-02,-4.759024887564701212e-01,2.152354151866371634e-01,1.242662248971457828e-01,-4.452320983478705863e-01
1.719999999999999973e+00,0.000000000000000000e+00,0.000000000000000000e+00,0.000000000000000000e+00,1.330663274366356841e-01,7.682587996561647536e-02,-4.758057762049918149e-01,2.154783053288149564e-01,1.244064575861156541e-01,-4.450754242187452414e-01
1.729999999999999982e+00,0.000000000000000000e+00,0.000000000000000000e+00,0.000000000000000000e+00,1.334302045658715130e-01,7.703596452413273565e-02,-4.756698862439646125e-01,2.158186456263770092e-01,1.246029531485291914e-01,-4.448555004343114905e-01
1.739999999999999991e+00,0.000000000000000000e+00,0.000000000000000000e+00,0.000000000000000000e+00,1.339081693116246918e-01,7.731191759875648273e-02,-4.754907670910260009e-01,2.162655860247803541e-01,1.248609943078590745e-01,-4.445660000515234134e-01
1.750000000000000000e+00,0.000000000000000000e+00,0.000000000000000000e+00,0.000000000000000000e+00,1.345058459734070067e-01,7.765698638032485224e-02,-4.752657886544161547e-01,2.168242952782811206e-01,1.251835652457664594e-01,-4.442029941022861972e-01
1.760000000000000009e+00,0.000000000000000000e+00,0.000000000000000000e+00,0.000000000000000000e+00,1.352243984151984268e-01,7.807184282601999092e-02,-4.749938414663888442e-01,2.174957450854086427e-01,1.255712269726588781e-01,-4.437651043359808201e-01
1.770000000000000018e+00,0.000000000000000000e+00,0.000000000000000000e+00,0.000000000000000000e+00,1.360604602498498295e-01,7.855454335131516197e-02,-4.746753994841794722e-01,2.182766511508150986e-01,1.260220832997331064e-01,-4.432535821436534018e-01
1.780000000000000027e+00,0.000000000000000000e+00,0.000000000000000000e+00,0.000000000000000000e+00,1.370062309950635937e-01,7.910058434565599150e-02,-4.743125448738447769e-01,2.191595736339428391e-01,1.265318388330404775e-01,-4.426723111355823637e-01
1.790000000000000036e+00,0.000000000000000000e+00,0.000000000000000000e+00,0.000000000000000000e+00,1.380497344260985804e-01,7.970305133246434470e-02,-4.739089516280297065e-01,2.201331726642434816e-01,1.270939464952673126e-01,-4.420277310950439520e-01
1.800000000000000044e+00,0.000000000000000000e+00,0.000000000000000000e+00,0.000000000000000000e+00,1.391752289382279240e-01,8.035285589201365819e-02,-4.734698239592351476e-01,2.211826080330366873e-01,1.276998382879371841e-01,-4.413286816024296622e-01
1.810000000000000053e+00,0.000000000000000000e+00,0.000000000000000000e+00,0.000000000000000000e+00,1.403637537800887514e-01,8.103905102940056615e-02,-4.730017852323781802e-01,2.222900661894148810e-01,1.283392295526383786e-01,-4.405861648206179648e-01
1.820000000000000062e+00,0.000000000000000000e+00,0.000000000000000000e+00,0.000000000000000000e+00,1.415937898167872189e-01,8.174921266630137684e-02,-4.725127140233998935e-01,2.234353926078664065e-01,1.290004840686413690e-01,-4.398130289568793483e-01
1.830000000000000071e+00,0.000000000000000000e+00,0.000000000000000000e+00,0.000000000000000000e+00,1.428420092772874628e-01,8.246987250782891743e-02,-4.720115258276748604e-01,2.245968037264516881e-01,1.296710250905964146e-01,-4.390235768245432935e-01
1.840000000000000080e+00,0.000000000000000000e+00,0.000000000000000000e+00,0.000000000000000000e+00,1.440840859222158599e-01,8.318698579313248131e-02,-4.715079019259514892e-01,2.257516501528110120e-01,1.303377759857276275e-01,-4.382331076086984911e-01
1.850000000000000089e+00,0.000000000000000000e+00,0.000000000000000000e+00,0.000000000000000000e+00,1.452955353470821165e-01,8.388641644468862457e-02,-4.710119707016723889e-01,2.268772017699261512e-01,1.309876135148558551e-01,-4.374574041237969113e-01
1.860000000000000098e+00,0.000000000000000000e+00,0.000000000000000000e+00,0.000000000000000000e+00,1.464525547367287184e-01,8.455442190075870834e-02,-4.705339508984595631e-01,2.279514257009538636e-01,1.316078169906046702e-01,-4.367121821381561020e-01
1.870000000000000107e+00,0.000000000000000000e+00,0.000000000000000000e+00,0.000000000000000000e+00,1.475328322462750585e-01,8.517812041169478543e-02,-4.700837704202552869e-01,2.289537296644176545e-01,1.321864974537202975e-01,-4.360125222555773505e-01
1.880000000000000115e+00,0.000000000000000000e+00,0.000000000000000000e+00,0.000000000000000000e+00,1.485162981602685672e-01,8.574592472187776704e-02,-4.696706777885545914e-01,2.298656458357773713e-01,1.327129925007332067e-01,-4.353723078998034679e-01
1.890000000000000124e+00,0.000000000000000000e+00,0.000000000000000000e+00,0.000000000000000000e+00,1.493857928748615616e-01,8.624792772940698127e-02,-4.693028658015332977e-01,2.306714336454550041e-01,1.331782143095603110e-01,-4.348036947097704830e-01
1.900000000000000133e+00,0.000000000000000000e+00,0.000000000000000000e+00,0.000000000000000000e+00,1.501276303261598333e-01,8.667622778160898045e-02,-4.689871279152579842e-01,2.313585836906629223e-01,1.335749405731347927e-01,-4.343166368026143975e-01
1.910000000000000142e+00,0.000000000000000000e+00,0.000000000000000000e+00,0.000000000000000000e+00,1.507320395195958507e-01,8.702518359213995414e-02,-4.687285671718945945e-01,2.319182088496641314e-01,1.338980403093294191e-01,-4.339184937350386018e-01
1.920000000000000151e+00,0.000000000000000000e+00,0.000000000000000000e+00,0.000000000000000000e+00,1.511934710963505624e-01,8.729159123719187896e-02,-4.685303751061568045e-01,2.323453125536673602e-01,1.341446287478075539e-01,-4.336137386112800529e-01
1.930000000000000160e+00,0.000000000000000000e+00,0.000000000000000000e+00,0.000000000000000000e+00,1.515107602479338345e-01,8.747477821426942468e-02,-4.683936941350272942e-01,2.326389278666082250e-01,1.343141476277721624e-01,-4.334037828493195188e-01
1.940000000000000169e+00,0.000000000000000000e+00,0.000000000000000000e+00,0.000000000000000000e+00,1.516871416605352074e-01,8.757661207031487705e-02,-4.683175718176100233e-01,2.328021245070739376e-01,1.344083692520758877e-01,-4.332869269894840669e-01
1.950000000000000178e+00,0.000000000000000000e+00,0.000000000000000000e+00,0.000000000000000000e+00,1.517301164905180411e-01,8.760142359997384609e-02,-4.682990095366760253e-01,2.328418842556885804e-01,1.344313245536414292e-01,-4.332584400966864591e-01
1.960000000000000187e+00,0.000000000000000000e+00,0.000000000000000000e+00,0.000000000000000000e+00,1.516511756311800518e-01,8.755584707358499141e-02,-4.683331021536999983e-01,2.327688484108354217e-01,1.343891572889549801e-01,-4.333107633242659906e-01
1.970000000000000195e+00,0.000000000000000000e+00,0.000000000000000000e+00,0.000000000000000000e+00,1.514653877298362539e-01,8.744858237873197326e-02,-4.684132595900766249e-01,2.325969441847325070e-01,1.342899083377396274e-01,-4.334338266385838190e-01
1.980000000000000204e+00,0.000000000000000000e+00,0.000000000000000000e+00,0.000000000000000000e+00,1.511908645397564699e-01,8.729008634104061526e-02,-4.685314966000628245e-01,2.323429002455158210e-01,1.341432360010468838e-01,-4.336154620636465951e-01
1.989999999999999991e+00,0.000000000000000000e+00,0.000000000000000000e+00,0.000000000000000000e+00,1.508481201926431259e-01,8.709220279997151315e-02,-4.686787736241044278e-01,2.320256650272452537e-01,1.339600801623819504e-01,-4.338418925041158114e-01
2.000000000000000000e+00,0.000000000000000000e+00,0.000000000000000000e+00,0.000000000000000000e+00,1.504593447531698547e-01,8.686774319533729916e-02,-4.688453697847465018e-01,2.316657448892297522e-01,1.337522801738119382e-01,-4.340982725066115933e-01
2.010000000000000231e+00,0.000000000000000000e+00,0.000000000000000000e+00,0.000000000000000000e+00,1.500476158156026640e-01,8.663003138239971923e-02,-4.690212688682015019e-01,2.312844825666174886e-01,1.335321582692198805e-01,-4.343692563152415920e-01
2.020000000000000018e+00,0.000000000000000000e+00,0.000000000000000000e+00,0.000000000000000000e+00,1.496360747324015639e-01,8.639242802723097470e-02,-4.691965403945758672e-01,2.309032994022964247e-01,1.333120820666885420e-01,-4.346395691836834607e-01
2.030000000000000249e+00,0.000000000000000000e+00,0.000000000000000000e+00,0.000000000000000000e+00,1.492470961171535881e-01,8.616785111900855665e-02,-4.693617003272950172e-01,2.305429273265328649e-01,1.331040211517380556e-01,-4.348945598796916112e-01
2.040000000000000036e+00,0.000000000000000000e+00,0.000000000000000000e+00,0.000000000000000000e+00,1.489014803403338749e-01,8.596830975722551116e-02,-4.695080391962877520e-01,2.302226581853349108e-01,1.329191136768542725e-01,-4.351207152933975197e-01
2.050000000000000266e+00,0.000000000000000000e+00,0.000000000000000000e+00,0.000000000000000000e+00,1.486176986752180962e-01,8.580446833647983884e-02,-4.696279089385298477e-01,2.299596385686044908e-01,1.327672592303328347e-01,-4.353061216039378900e-01
2.060000000000000053e+00,0.000000000000000000e+00,0.000000000000000000e+00,0.000000000000000000e+00,1.484112194532311579e-01,8.568525750208361158e-02,-4.697149631289240790e-01,2.297682375746950001e-01,1.326567538149760195e-01,-4.354408601280906344e-01
2.070000000000000284e+00,0.000000000000000000e+00,0.000000000000000000e+00,0.000000000000000000e+00,1.482939410307409223e-01,8.561754677328874130e-02,-4.697643480917798042e-01,2.296595128786843576e-01,1.325939815824667134e-01,-4.355173293824642911e-01
2.080000000000000071e+00,0.000000000000000000e+00,0.000000000000000000e+00,0.000000000000000000e+00,1.482737536140634749e-01,8.560589156283578138e-02,-4.697728443821843625e-01,2.296407970626725970e-01,1.325831760010542093e-01,-4.355304877570500555e-01
2.090000000000000302e+00,0.000000000000000000e+00,0.000000000000000000e+00,0.000000000000000000e+00,1.483542471783561856e-01,8.565236454384819731e-02,-4.697389592020135285e-01,2.297154215415973533e-01,1.326262604640495446e-01,-4.354780133844742274e-01
2.100000000000000089e+00,0.000000000000000000e+00,0.000000000000000000e+00,0.000000000000000000e+00,1.485345770620412897e-01,8.575647805073673136e-02,-4.696629705324170123e-01,2.298825898016283731e-01,1.327227751039784243e-01,-4.353603793121222920e-01
2.110000000000000320e+00,0.000000000000000000e+00,0.000000000000000000e+00,0.000000000000000000e+00,1.488094925898045817e-01,8.591520060469527709e-02,-4.695469233423001376e-01,2.301374053664558550e-01,1.328698929389252881e-01,-4.351808431004220434e-01
2.120000000000000107e+00,0.000000000000000000e+00,0.000000000000000000e+00,0.000000000000000000e+00,1.491695275796575959e-01,8.612306690300459977e-02,-4.693945775026404643e-01,2.304710532828476433e-01,1.330625246532686490e-01,-4.349453507414386411e-01
2.129999999999999893e+00,0.000000000000000000e+00,0.000000000000000000e+00,0.000000000000000000e+00,1.496013451461122856e-01,8.637237689123801465e-02,-4.692113063861864664e-01,2.308711273607765291e-01,1.332935075298566641e-01,-4.346623556296912438e-01
2.140000000000000124e+00,0.000000000000000000e+00,0.000000000000000000e+00,0.000000000000000000e+00,1.500882231424647550e-01,8.665347603349463079e-02,-4.690039449357012447e-01,2.313220893003518353e-01,1.335538705270647442e-01,-4.343425545223034145e-01
2.149999999999999911e+00,0.000000000000000000e+00,0.000000000000000000e+00,0.000000000000000000e+00,1.506106611876309453e-01,8.695510577950622821e-02,-4.687805865386273640e-01,2.318058405363150887e-01,1.338331644333689563e-01,-4.339985442268248783e-01
2.160000000000000142e+00,0.000000000000000000e+00,0.000000000000000000e+00,0.000000000000000000e+00,1.511470857510594512e-01,8.726481064560159817e-02,-4.685503295185579065e-01,2.323023834139876231e-01,1.341198435974573777e-01,-4.336444052603172783e-01
2.169999999999999929e+00,0.000000000000000000e+00,0.000000000000000000e+00,0.000000000000000000e+00,1.516746264161083768e-01,8.756938639057607054e-02,-4.683229764475708157e-01,2.327905453720159334e-01,1.344016840353331466e-01,-4.332952218913403986e-01
2.180000000000000160e+00,0.000000000000000000e+00,0.000000000000000000e+00,0.000000000000000000e+00,1.521699343256007753e-01,8.785535254545326356e-02,-4.681086926307355678e-01,2.332487382357084638e-01,1.346662218085268314e-01,-4.329665516125542624e-01
2.189999999999999947e+00,0.000000000000000000e+00,0.000000000000000000e+00,0.000000000000000000e+00,1.526100129668647165e-01,8.810943206745160128e-02,-4.679176336952952653e-01,2.336557244986301463e-01,1.349011954369811195e-01,-4.326738608683146081e-01
2.200000000000000178e+00,0.000000000000000000e+00,0.000000000000000000e+00,0.000000000000000000e+00,1.529730318272028711e-01,8.831902110418875240e-02,-4.677595558027557998e-01,2.339913634648251306e-01,1.350949766844643241e-01,-4.324319473610803155e-01
2.209999999999999964e+00,0.000000000000000000e+00,0.000000000000000000e+00,0.000000000000000000e+00,1.532390949196088259e-01,8.847263270221075726e-02,-4.676434251125090036e-01,2.342373121316485285e-01,1.352369752134616465e-01,-4.322543720316247007e-01
2.220000000000000195e+00,0.000000000000000000e+00,0.000000000000000000e+00,0.000000000000000000e+00,1.533909385621121113e-01,8.856029967008476056e-02,-4.675770452977553449e-01,2.343776584529767837e-01,1.353180041998602867e-01,-4.321529254297214462e-01
2.229999999999999982e+00,0.000000000000000000e+00,0.000000000000000000e+00,0.000000000000000000e+00,1.534145358820835359e-01,8.857392358912241637e-02,-4.675667227681127303e-01,2.343994678583678493e-01,1.353305958659336838e-01,-4.321371533324637748e-01
2.240000000000000213e+00,0.000000000000000000e+00,0.000000000000000000e+00,0.000000000000000000e+00,1.532995890981020681e-01,8.850755903244822420e-02,-4.676169885456160080e-01,2.342932273624381279e-01,1.352692578870098306e-01,-4.322139649326366961e-01
2.250000000000000000e+00,0.000000000000000000e+00,0.000000000000000000e+00,0.000000000000000000e+00,1.530398945215830364e-01,8.835762429878787905e-02,-4.677303934031836752e-01,2.340531750834323466e-01,1.351306636391062521e-01,-4.323873436836684903e-01
2.260000000000000231e+00,0.000000000000000000e+00,0.000000000000000000e+00,0.000000000000000000e+00,1.526335692789973220e-01,8.812303231060247821e-02,-4.679073890264376367e-01,2.336775063820659415e-01,1.349137712132462419e-01,-4.326581761021966455e-01
2.270000000000000018e+00,0.000000000000000000e+00,0.000000000000000000e+00,0.000000000000000000e+00,1.520831328977165497e-01,8.780523771769825625e-02,-4.681463028983076091e-01,2.331684510972563684e-01,1.346198680075290088e-01,-4.330242078112283011e-01
2.280000000000000249e+00,0.000000000000000000e+00,0.000000000000000000e+00,0.000000000000000000e+00,1.513954410881307167e-01,8.740819866631438506e-02,-4.684434087738245100e-01,2.325322195348327736e-01,1.342525395436968416e-01,-4.334801293072987338e-01
2.290000000000000036e+00,0.000000000000000000e+00,0.000000000000000000e+00,0.000000000000000000e+00,1.505814732881638196e-01,8.693825413789180168e-02,-4.687930885474116405e-01,2.317788180482890925e-01,1.338175629926329768e-01,-4.340177868922548976e-01
2.300000000000000266e+00,0.000000000000000000e+00,0.000000000000000000e+00,0.000000000000000000e+00,1.496559798183550449e-01,8.640392023396446797e-02,-4.691880755867638420e-01,2.309217383405292312e-01,1.333227277926408438e-01,-4.346265074931780492e-01
2.310000000000000053e+00,0.000000000000000000e+00,0.000000000000000000e+00,0.000000000000000000e+00,1.486369988121495345e-01,8.581561127573260339e-02,-4.696197647517504348e-01,2.299775280910070774e-01,1.327775877509076441e-01,-4.352935202414573990e-01
2.320000000000000284e+00,0.000000000000000000e+00,0.000000000000000000e+00,0.000000000000000000e+00,1.475452573810504819e-01,8.518529406660209358e-02,-4.700785707721062412e-01,2.289652541937155228e-01,1.321931511438127205e-01,-4.360044531454653760e-01
2.330000000000000071e+00,0.000000000000000000e+00,0.000000000000000000e+00,0.000000000000000000e+00,1.464034756363495060e-01,8.452608606894318477e-02,-4.705543147134689796e-01,2.279058737167978799e-01,1.315815175402900716e-01,-4.367438802858917279e-01
2.340000000000000302e+00,0.000000000000000000e+00,0.000000000000000000e+00,0.000000000000000000e+00,1.452355960502265397e-01,8.385181047551401590e-02,-4.710366180244524581e-01,2.268215315146031030e-01,1.309554722779592562e-01,-4.374958938342468628e-01
2.350000000000000089e+00,0.000000000000000000e+00,0.000000000000000000e+00,0.000000000000000000e+00,1.440659639866452846e-01,8.317652308875256306e-02,-4.715152850411795660e-01,2.257348070103097348e-01,1.303280515928705308e-01,-4.382446758056785518e-01
2.360000000000000320e+00,0.000000000000000000e+00,0.000000000000000000e+00,0.000000000000000000e+00,1.429184878330538033e-01,8.251402742258784340e-02,-4.719806575634404866e-01,2.246679357420184875e-01,1.297120931789318976e-01,-4.389750465944053381e-01
2.370000000000000107e+00,0.000000000000000000e+00,0.000000000000000000e+00,0.000000000000000000e+00,1.418158087922729849e-01,8.187739538156328656e-02,-4.724239287992561542e-01,2.236420335314343311e-01,1.291197882614888992e-01,-4.396729706466308563e-01
2.379999999999999893e+00,0.000000000000000000e+00,0.000000000000000000e+00,0.000000000000000000e+00,1.407785108639037774e-01,8.127851114338947858e-02,-4.728374081069047774e-01,2.226763523199377093e-01,1.285622519540799424e-01,-4.403260036495489915e-01
2.390000000000000124e+00,0.000000000000000000e+00,0.000000000000000000e+00,0.000000000000000000e+00,1.398244007347427265e-01,8.072765540348179891e-02,-4.732147320321153927e-01,2.217875966117142661e-01,1.280491286066933188e-01,-4.409236698707226787e-01
2.399999999999999911e+00,0.000000000000000000e+00,0.000000000000000000e+00,0.000000000000000000e+00,1.389678851687714267e-01,8.023314591090316417e-02,-4.735510206819946166e-01,2.209893279485029283e-01,1.275882479791026203e-01,-4.414577623176333399e-01
2.410000000000000142e+00,0.000000000000000000e+00,0.000000000000000000e+00,0.000000000000000000e+00,1.382194700887635908e-01,7.980104826299506959e-02,-4.738429811493555244e-01,2.202914819048221451e-01,1.271853463779306082e-01,-4.419225618441575132e-01
2.419999999999999929e+00,0.000000000000000000e+00,0.000000000000000000e+00,0.000000000000000000e+00,1.375854010080576340e-01,7.943496830856466850e-02,-4.740889613134535718e-01,2.197000178383033964e-01,1.268438644399100257e-01,-4.423149739900277266e-01
2.430000000000000160e+00,0.000000000000000000e+00,0.000000000000000000e+00,0.000000000000000000e+00,1.370674590103797552e-01,7.913593435678073496e-02,-4.742889578874013301e-01,2.192167162633672506e-01,1.265648301455208624e-01,-4.426345841446890361e-01
2.439999999999999947e+00,0.000000000000000000e+00,0.000000000000000000e+00,0.000000000000000000e+00,1.366629203514618252e-01,7.890237385315684859e-02,-4.744445822236214028e-01,2.188391325301720369e-01,1.263468320755190000e-01,-4.428836326823586411e-01
2.450000000000000178e+00,0.000000000000000000e+00,0.000000000000000000e+00,0.000000000000000000e+00,1.363646812683893816e-01,7.873018543826210136e-02,-4.745589864320635121e-01,2.185607088372617524e-01,1.261860840814684470e-01,-4.430669122567586493e-01
2.459999999999999964e+00,0.000000000000000000e+00,0.000000000000000000e+00,0.000000000000000000e+00,1.361615430470402566e-01,7.861290353148349397e-02,-4.746367512039061376e-01,2.183710398694996557e-01,1.260765786518741050e-01,-4.431915897913127345e-01
2.470000000000000195e+00,0.000000000000000000e+00,0.000000000000000000e+00,0.000000000000000000e+00,1.360386461275995273e-01,7.854194896196181608e-02,-4.746837357789145395e-01,2.182562809171675888e-01,1.260103225398532811e-01,-4.432669561941298131e-01
2.479999999999999982e+00,0.000000000000000000e+00,0.000000000000000000e+00,0.000000000000000000e+00,1.359780363153089422e-01,7.850695587052031188e-02,-4.747068901119686490e-01,2.181996815530035105e-01,1.259776448817171712e-01,-4.433041077637605021e-01
2.490000000000000213e+00,0.000000000000000000e+00,0.000000000000000000e+00,0.000000000000000000e+00,1.359593412636675436e-01,7.849616227742263475e-02,-4.747140297388166563e-01,2.181822231210068797e-01,1.259675652513043143e-01,-4.433155648278476191e-01
2.500000000000000000e+00,0.000000000000000000e+00,0.000000000000000000e+00,0.000000000000000000e+00,1.359605315138214254e-01,7.849684946866937463e-02,-4.747135752155948740e-01,2.181833346454294387e-01,1.259682069902288704e-01,-4.433148354281271075e-01
2.510000000000000231e+00,0.000000000000000000e+00,0.000000000000000000e+00,0.000000000000000000e+00,1.359587376463414210e-01,7.849581377879689958e-02,-4.747142602416928869e-01,2.181816594279500643e-01,1.259672398029662022e-01,-4.433159347301741104e-01
2.520000000000000018e+00,0.000000000000000000e+00,0.000000000000000000e+00,0.000000000000000000e+00,1.359310935970080847e-01,7.847985347947281087e-02,-4.747248154366505157e-01,2.181558435920117611e-01,1.259523350231378513e-01,-4.433328740448613803e-01
2.530000000000000249e+00,0.000000000000000000e+00,0.000000000000000000e+00,0.000000000000000000e+00,1.358555758987555762e-01,7.843625331605814932e-02,-4.747536378617404629e-01,2.180853180842245720e-01,1.259116171022321984e-01,-4.433791365353171865e-01
2.540000000000000036e+00,0.000000000000000000e+00,0.000000000000000000e+00,0.000000000000000000e+00,1.357118094598439850e-01,7.835324972385210307e-02,-4.748084593084317406e-01,2.179510469984143606e-01,1.258340956546952771e-01,-4.434671594188909216e-01
2.550000000000000266e+00,0.000000000000000000e+00,0.000000000000000000e+00,0.000000000000000000e+00,1.354818123390051920e-01,7.822046082422298707e-02,-4.748960286565732103e-01,2.177362173335922191e-01,1.257100636898803026e-01,-4.436078443268839933e-01
2.560000000000000053e+00,0.000000000000000000e+00,0.000000000000000000e+00,0.000000000000000000e+00,1.351506546600068359e-01,7.802926684910907462e-02,-4.750218248248833097e-01,2.174268481900849537e-01,1.255314493315974056e-01,-4.438101180852396799e-01
2.570000000000000284e+00,0.000000000000000000e+00,0.000000000000000000e+00,0.000000000000000000e+00,1.347070101357000504e-01,7.777312856357605775e-02,-4.751898166982683192e-01,2.170123007117742975e-01,1.252921102334028924e-01,-4.440805652728379016e-01
2.580000000000000071e+00,0.000000000000000000e+00,0.000000000000000000e+00,0.000000000000000000e+00,1.341435824702980895e-01,7.744783344928735103e-02,-4.754022847821051112e-01,2.164856735979915625e-01,1.249880619274978677e-01,-4.444231514023901930e-01
2.590000000000000302e+00,0.000000000000000000e+00,0.000000000000000000e+00,0.000000000000000000e+00,1.334573930325571034e-01,7.705166179269250237e-02,-4.756597162467493534e-01,2.158440725978736374e-01,1.246176334173674377e-01,-4.448390515296723469e-01
2.600000000000000089e+00,0.000000000000000000e+00,0.000000000000000000e+00,0.000000000000000000e+00,1.326499205350784028e-01,7.658546732890995912e-02,-4.759607807120769807e-01,2.150887459954250458e-01,1.241815454001176516e-01,-4.453265937805129804e-01
2.610000000000000320e+00,0.000000000000000000e+00,0.000000000000000000e+00,0.000000000000000000e+00,1.317270879480500478e-01,7.605266968637218461e-02,-4.763023889655627618e-01,2.142250816935289126e-01,1.236829085829284636e-01,-4.458813210910138602e-01
2.620000000000000107e+00,0.000000000000000000e+00,0.000000000000000000e+00,0.000000000000000000e+00,1.306990964786207132e-01,7.545915853477251634e-02,-4.766798313049297464e-01,2.132624651549707151e-01,1.231271416652654910e-01,-4.464961678910207565e-01
2.630000000000000338e+00,0.000000000000000000e+00,0.000000000000000000e+00,0.000000000000000000e+00,1.295801111272555650e-01,7.481311204094259759e-02,-4.770869868975651240e-01,2.122140012209085824e-01,1.225218107306991072e-01,-4.471617420811880850e-01
2.640000000000000124e+00,0.000000000000000000e+00,0.000000000000000000e+00,0.000000000000000000e+00,1.283878070434833207e-01,7.412473495722081418e-02,-4.775165909893467342e-01,2.110961067485468690e-01,1.218763940561554820e-01,-4.478666970064584252e-01
2.649999999999999911e+00,0.000000000000000000e+00,0.000000000000000000e+00,0.000000000000000000e+00,1.271427905654494983e-01,7.340592435848246333e-02,-4.779605434304248224e-01,2.099279850889221866e-01,1.212019787015249372e-01,-4.485981736870318093e-01
2.660000000000000142e+00,0.000000000000000000e+00,0.000000000000000000e+00,0.000000000000000000e+00,1.258679133149790130e-01,7.266987363473959016e-02,-4.784102401325079357e-01,2.087309975920521032e-01,1.205108976479903893e-01,-4.493422906786120885e-01
2.669999999999999929e+00,0.000000000000000000e+00,0.000000000000000000e+00,0.000000000000000000e+00,1.245875018598992662e-01,7.193062773647582175e-02,-4.788569088712683053e-01,2.075279514319409158e-01,1.198163186236026467e-01,-4.500846577766779433e-01
2.680000000000000160e+00,0.000000000000000000e+00,0.000000000000000000e+00,0.000000000000000000e+00,1.233265290394925939e-01,7.120260473917322530e-02,-4.792919322432083740e-01,2.063423268698022783e-01,1.191317979634940599e-01,-4.508108903475390727e-01
2.689999999999999947e+00,0.000000000000000000e+00,0.000000000000000000e+00,0.000000000000000000e+00,1.221097558530699900e-01,7.050010041244941794e-02,-4.797071433357420478e-01,2.051974703541931122e-01,1.184708147460236116e-01,-4.515071031707622584e-01
2.700000000000000178e+00,0.000000000000000000e+00,0.000000000000000000e+00,0.000000000000000000e+00,1.209608746231228132e-01,6.983679352507250748e-02,-4.800950833746848168e-01,2.041157823100198665e-01,1.178463018625409836e-01,-4.521603659646558082e-01
2.709999999999999964e+00,0.000000000000000000e+00,0.000000000000000000e+00,0.000000000000000000e+00,1.199016847896442334e-01,6.922526998959073474e-02,-4.804492147766224464e-01,2.031179298346124373e-01,1.172701914672529822e-01,-4.527591067807861247e-01
2.720000000000000195e+00,0.000000000000000000e+00,0.000000000000000000e+00,0.000000000000000000e+00,1.189513320596007340e-01,6.867658358507502947e-02,-4.807640871241619651e-01,2.022221145949526233e-01,1.167529922974912260e-01,-4.532934536901319644e-01
2.729999999999999982e+00,0.000000000000000000e+00,0.000000000000000000e+00,0.000000000000000000e+00,1.181256396911243428e-01,6.819986987386736366e-02,-4.810354571097126830e-01,2.014434248867385535e-01,1.163034155848386292e-01,-4.537555091601657153e-01
2.740000000000000213e+00,0.000000000000000000e+00,0.000000000000000000e+00,0.000000000000000000e+00,1.174365574841537696e-01,6.780202807617911887e-02,-4.812603660754000701e-01,2.007932980553328028e-01,1.159280646837191203e-01,-4.541395548449284059e-01
2.750000000000000000e+00,0.000000000000000000e+00,0.000000000000000000e+00,0.000000000000000000e+00,1.168917497043901188e-01,6.748748315787597707e-02,-4.814371801887153968e-01,2.002791153783448908e-01,1.156312011767475223e-01,-4.544421869255649837e-01
2.760000000000000231e+00,0.000000000000000000e+00,0.000000000000000000e+00,0.000000000000000000e+00,1.164943378781174571e-01,6.725803733299831610e-02,-4.815655984977041948e-01,1.999039462556512770e-01,1.154145971827687245e-01,-4.546623835645048350e-01
2.770000000000000018e+00,0.000000000000000000e+00,0.000000000000000000e+00,0.000000000000000000e+00,1.162428084043537618e-01,6.711281672361171791e-02,-4.816466332548081097e-01,1.996664524135358942e-01,1.152774800490925233e-01,-4.548015065653634448e-01
2.780000000000000249e+00,0.000000000000000000e+00,0.000000000000000000e+00,0.000000000000000000e+00,1.161310885133762655e-01,6.704831521448202658e-02,-4.816825652933660051e-01,1.995609561341985805e-01,1.152165717438186215e-01,-4.548632392075732112e-01
2.790000000000000036e+00,0.000000000000000000e+00,0.000000000000000000e+00,0.000000000000000000e+00,1.161487875486225813e-01,6.705853375724588061e-02,-4.816768753026381966e-01,1.995776696341413636e-01,1.152262212875097003e-01,-4.548534617997398444e-01
2.800000000000000266e+00,0.000000000000000000e+00,0.000000000000000000e+00,0.000000000000000000e+00,1.162815941555917360e-01,6.713520968752968721e-02,-4.816341500359434535e-01,1.997030760078423173e-01,1.152986246911240353e-01,-4.547800661609315842e-01
2.810000000000000053e+00,0.000000000000000000e+00,0.000000000000000000e+00,0.000000000000000000e+00,1.165118140082166825e-01,6.726812718141549075e-02,-4.815599612322640222e-01,1.999204459827347291e-01,1.154241233046418846e-01,-4.546527103596978425e-01
2.820000000000000284e+00,0.000000000000000000e+00,0.000000000000000000e+00,0.000000000000000000e+00,1.168190274474698170e-01,6.744549694326695821e-02,-4.814607146676694871e-01,2.002104694127523898e-01,1.155915684100339014e-01,-4.544825158903627038e-01
2.830000000000000071e+00,0.000000000000000000e+00,0.000000000000000000e+00,0.000000000000000000e+00,1.171808420689634672e-01,6.765439071238306401e-02,-4.813434674630422960e-01,2.005519762227000735e-01,1.157887374586872853e-01,-4.542817111780890760e-01
2.840000000000000302e+00,0.000000000000000000e+00,0.000000000000000000e+00,0.000000000000000000e+00,1.175737120467348767e-01,6.788121429980591148e-02,-4.812157135638188143e-01,2.009227185760394940e-01,1.160027856561877957e-01,-4.540632278438964664e-01
2.850000000000000089e+00,0.000000000000000000e+00,0.000000000000000000e+00,0.000000000000000000e+00,1.179737939293419441e-01,6.811220168242698714e-02,-4.810851399990334065e-01,2.013001844538131746e-01,1.162207156823303333e-01,-4.538402593260625895e-01
2.860000000000000320e+00,0.000000000000000000e+00,0.000000000000000000e+00,0.000000000000000000e+00,1.183578078334654310e-01,6.833391221334524090e-02,-4.809593597867446446e-01,2.016624125861095629e-01,1.164298481920197081e-01,-4.536257949014065316e-01
2.870000000000000107e+00,0.000000000000000000e+00,0.000000000000000000e+00,0.000000000000000000e+00,1.187038733606355367e-01,6.853371323861415232e-02,-4.808456307370481131e-01,2.019887796640425781e-01,1.166182763123189692e-01,-4.534321454416024300e-01
2.880000000000000338e+00,0.000000000000000000e+00,0.000000000000000000e+00,0.000000000000000000e+00,1.189922910807441475e-01,6.870023128695791625e-02,-4.807505724224090393e-01,2.022607328010875283e-01,1.167752885291988146e-01,-4.532704799076258673e-01
2.890000000000000124e+00,0.000000000000000000e+00,0.000000000000000000e+00,0.000000000000000000e+00,1.192062429162204923e-01,6.882375643676380550e-02,-4.806798957723653620e-01,2.024624430816854281e-01,1.168917460140003473e-01,-4.531503931976598176e-01
2.900000000000000355e+00,0.000000000000000000e+00,0.000000000000000000e+00,0.000000000000000000e+00,1.193323880455081781e-01,6.889658636111500867e-02,-4.806381607312736892e-01,2.025813594898104308e-01,1.169604024342423831e-01,-4.530795261868276746e-01
2.910000000000000142e+00,0.000000000000000000e+00,0.000000000000000000e+00,0.000000000000000000e+00,1.193613348364040844e-01,6.891329879863093699e-02,-4.806285769643357519e-01,2.026086463235798885e-01,1.169761564950645150e-01,-4.530632574448833494e-01
2.919999999999999929e+00,0.000000000000000000e+00,0.000000000000000000e+00,0.000000000000000000e+00,1.192879736431437243e-01,6.887094369395399540e-02,-4.806528606581020324e-01,2.025394911894594085e-01,1.169362297597641986e-01,-4.531044831805204343e-01
2.930000000000000160e+00,0.000000000000000000e+00,0.000000000000000000e+00,0.000000000000000000e+00,1.191116599072341437e-01,6.876914891106476746e-02,-4.807111571746501277e-01,2.023732747064063697e-01,1.168402646285297830e-01,-4.532034976102242152e-01
2.939999999999999947e+00,0.000000000000000000e+00,0.000000000000000000e+00,0.000000000000000000e+00,1.188362417764530915e-01,6.861013617911862483e-02,-4.808020349935420157e-01,2.021135970755855160e-01,1.166903396784728236e-01,-4.533579805218945769e-01
2.950000000000000178e+00,0.000000000000000000e+00,0.000000000000000000e+00,0.000000000000000000e+00,1.184699313156126754e-01,6.839864673594543698e-02,-4.809225514558090886e-01,2.017681606783245929e-01,1.164909018815263458e-01,-4.535630927614309194e-01
2.959999999999999964e+00,0.000000000000000000e+00,0.000000000000000000e+00,0.000000000000000000e+00,1.180250232621292694e-01,6.814177895150215492e-02,-4.810683858302252647e-01,2.013485118794390849e-01,1.162486175345246731e-01,-4.538116742496243750e-01
2.970000000000000195e+00,0.000000000000000000e+00,0.000000000000000000e+00,0.000000000000000000e+00,1.175174701164480445e-01,6.784874300621505927e-02,-4.812340306855972250e-01,2.008696492643095022e-01,1.159721460747747818e-01,-4.540945334831111846e-01
2.979999999999999982e+00,0.000000000000000000e+00,0.000000000000000000e+00,0.000000000000000000e+00,1.169663270730500609e-01,6.753054042174724825e-02,-4.814130289485183956e-01,2.003495096294961308e-01,1.156718433165990767e-01,-4.544008127798194741e-01
2.990000000000000213e+00,0.000000000000000000e+00,0.000000000000000000e+00,0.000000000000000000e+00,1.163930847834319104e-01,6.719957883152533062e-02,-4.815982417113484626e-01,1.998083471314211490e-01,1.153594030026601769e-01,-4.547184101787383192e-01
