Time	FHx	FHy	FHz	LEx	LEy	LEz	MEx	MEy	MEz	HFx	HFy	HFz	TTx	TTy	TTz	LMx	LMy	LMz	MMx	MMy	MMz	CAx	CAy	CAz	FMx	FMy	FMz	VMx	VMy	VMz	Fx	Fy	Fz	COPx	COPy	COPz	My
0	-80.42152	817.65948	-433.59467	81.36107	468.81738	-228.51334	-140.99876	474.06381	-377.96457	102.5177	409.20367	-228.95732	157.71289	427.23529	-271.52606	226.2132	77.22258	-247.40105	253.55144	109.30722	-322.96106	194.82722	40.29632	-297.35703	390.64914	104.91326	-272.78091	353.48621	79.48192	-215.40398	0	0	0	300	0	-203	0
0.007	-72.00315	816.39685	-432.87393	90.18355	467.77234	-227.90059	-135.51013	473.67059	-378.23486	111.39072	408.06171	-228.31587	166.39758	426.33377	-271.18121	236.42697	76.31232	-246.91191	262.8161	108.5191	-322.75552	204.85931	38.92154	-296.50543	400.19125	105.45779	-274.32889	364.07956	79.73251	-216.59486	0	0	0	300	0	-203	0
0.013	-63.56537	815.14178	-432.13705	99.08058	466.75781	-227.28783	-129.98013	473.27866	-378.49289	120.29681	406.93256	-227.67688	175.11746	425.41284	-270.83557	246.37889	75.33678	-246.45694	271.87311	107.63177	-322.57736	214.59692	37.55016	-295.69077	409.50906	105.75179	-275.83969	374.3877	79.7742	-217.76062	0	0	0	300	0	-203	0
0.02	-55.08872	813.90155	-431.36771	108.1158	465.80057	-226.67488	-124.36972	472.88907	-378.72552	129.26419	405.82895	-227.04362	183.9012	424.45718	-270.49017	255.83476	74.24309	-246.0676	280.53848	106.56105	-322.45163	223.7773	36.19262	-294.94748	418.40369	105.57044	-277.27606	384.15363	79.42192	-218.87431	0	0	0	300	0	-203	0
0.027	-46.55372	812.68195	-430.54922	117.33235	464.9213	-226.0609	-118.64365	472.50284	-378.91818	138.31155	404.76337	-226.4201	192.7663	423.45886	-270.1481	264.60901	73.0001	-245.77074	288.66956	105.2494	-322.39941	232.19283	34.87147	-294.30588	426.72021	104.73595	-278.6004	393.17023	78.53339	-219.90674	0	0	0	300	0	-203	0
0.033	-37.94215	811.48798	-429.66513	126.7464	464.13394	-225.44382	-112.77068	472.12039	-379.05502	147.44427	403.74823	-225.81018	201.7171	422.41919	-269.81219	272.57605	71.60325	-245.58742	296.17355	103.67226	-322.43658	239.70334	33.62335	-293.79117	434.35681	103.13142	-279.77533	401.29376	77.02046	-220.82722	0	0	0	300	0	-203	0
0.04	-29.23772	810.32373	-428.69952	136.34521	463.44775	-224.81992	-106.72236	471.74164	-379.12073	156.65303	402.7963	-225.21609	210.74504	421.34915	-269.48233	279.6731	70.07551	-245.53174	303.00909	101.83936	-322.57318	246.2399	32.49693	-293.42242	441.26614	100.70636	-280.76529	408.44785	74.85315	-221.60455	0	0	0	300	0	-203	0
0.047	-20.42714	809.19312	-427.63791	146.0903	462.8703	-224.18378	-100.47127	471.36563	-379.10306	165.9151	401.92212	-224.6373	219.83063	420.26935	-269.15378	285.89606	68.46497	-245.60965	309.1817	99.79178	-322.81299	251.80168	31.54726	-293.21146	447.45074	97.47455	-281.53931	414.61823	72.05825	-222.20836	0	0	0	300	0	-203	0
0.053	-11.50081	808.10126	-426.46762	155.92484	462.41071	-223.52882	-93.98952	470.99075	-378.99466	175.19815	401.14343	-224.06958	228.94705	419.20886	-268.81693	291.29053	66.83934	-245.81783	314.73511	97.59599	-323.15295	256.44629	30.82781	-293.16171	452.95349	93.5066	-282.07468	419.84302	68.71365	-222.61148	0	0	0	300	0	-203	0
0.06	-2.45385	807.05579	-425.17865	165.78366	462.08212	-222.84808	-87.24774	470.61459	-378.7933	184.46545	400.48236	-223.5049	238.06419	418.20358	-268.45908	295.93875	65.27742	-246.14267	319.73911	95.33539	-323.58282	260.27444	30.38056	-293.26782	457.8443	88.9201	-282.36066	424.20062	64.93954	-222.79318	0	0	0	300	0	-203	0
0.067	6.71321	806.06824	-423.7645	175.60367	461.90207	-222.13435	-80.21421	470.2338	-378.50214	193.68147	399.96497	-222.93179	247.15237	417.2934	-268.06732	299.94391	63.85781	-246.56003	324.27423	93.10008	-324.08478	263.4115	30.22614	-293.51501	462.20377	83.86951	-282.40192	427.7962	60.88772	-222.74252	-2.79	32.37	0.74	303.61	0	-285.86	-120.29
0.073	15.99384	805.15393	-422.22336	185.33255	461.89047	-221.37982	-72.85392	469.84396	-378.12997	202.81607	399.61917	-222.336	256.18463	416.5174	-267.63159	303.41272	62.64599	-247.03667	328.41428	90.97509	-324.63422	265.98676	30.35732	-293.87857	466.10385	78.53589	-282.22119	430.74542	56.72835	-222.46169	-6.96	200.21	-2.99	300.87	0	-288.51	-34.28
0.08	25.37609	804.33173	-420.55905	194.93463	462.0657	-220.57607	-65.12806	469.43909	-377.6911	211.84677	399.47061	-221.70164	265.13702	415.90765	-267.14658	306.43808	61.68194	-247.53575	332.20898	89.02803	-325.20264	268.1145	30.73908	-294.32477	469.59106	73.11319	-281.86035	433.15912	52.63221	-221.9686	-7.45	250.94	6.73	302.79	0	-289.09	108.65
0.087	34.84298	803.62207	-418.7807	204.39233	462.43918	-219.71458	-56.9937	469.01108	-377.20505	220.75754	399.53674	-221.01303	273.98639	415.48376	-266.61099	309.0863	60.97326	-248.02579	335.67496	87.30109	-325.7626	269.88293	31.31567	-294.81488	472.68192	67.78783	-281.3793	435.133	48.74978	-221.29753	-21.01	265.56	12.36	307.49	0	-289.46	213.68
0.093	44.3734	803.04639	-416.90164	213.70216	463.01099	-218.78807	-48.40388	468.54883	-376.69498	229.53256	399.82083	-220.25668	282.70569	415.24963	-266.02338	311.3952	60.49847	-248.48686	338.80103	85.81165	-326.29111	271.3537	32.02179	-295.31036	475.37524	62.7184	-280.84958	436.74512	45.19454	-220.49617	-47.89	318.86	9.91	310.62	0	-289.49	344.61
0.1	53.94374	802.62457	-414.93713	222.86487	463.76743	-217.79167	-39.3083	468.03738	-376.18573	238.14786	400.30704	-219.42273	291.25986	415.19202	-265.37628	313.38391	60.21955	-248.90959	341.56604	84.55957	-326.77112	272.56949	32.79327	-295.7778	477.6705	58.02689	-280.34158	438.05972	42.03779	-219.61829	-88	353.47	4.69	313.24	0	-288.35	688.94
0.107	63.52851	802.3736	-412.90302	231.87158	464.68011	-216.72371	-29.65533	467.45721	-375.70209	246.564	400.95981	-218.50594	299.60373	415.28143	-264.65335	315.06812	60.09551	-249.28976	343.9577	83.53467	-327.19122	273.56345	33.57448	-296.19247	479.57996	53.80167	-279.91016	439.13177	39.31449	-218.71442	-106	376.28	0.47	316.72	0	-289.48	902.71
0.113	73.10152	802.3056	-410.81512	240.69177	465.70724	-215.58554	-19.39509	466.78476	-375.26697	254.72444	401.72842	-217.50591	307.68347	415.4762	-263.83148	316.47064	60.08931	-249.6241	345.98322	82.72095	-327.54504	274.36554	34.32195	-296.54001	481.13129	50.10141	-279.58575	440.00858	37.03234	-217.82475	-86.4	419.42	0.53	319.84	0	-287.43	1151.39
0.12	82.6369	802.42712	-408.68848	249.26846	466.79727	-214.38068	-8.48273	465.99371	-374.89896	262.55994	402.55566	-216.42683	315.44122	415.72919	-262.88715	317.6225	60.16843	-249.90889	347.66803	82.09859	-327.82977	275.00348	35.00494	-296.81638	482.3631	46.95424	-279.37314	440.7276	35.17709	-216.97675	-75.06	456.31	-4.26	323.81	0	-286.32	1245.27
0.127	92.10971	802.73846	-406.5376	257.52332	467.89597	-213.11398	3.11841	465.05737	-374.60959	269.99762	403.38721	-215.27693	322.8208	415.99484	-261.80396	318.55634	60.30362	-250.14133	349.04742	81.64478	-328.04538	275.50125	35.60417	-297.02536	483.31824	44.35705	-279.25656	441.31378	33.71486	-216.18491	-92.77	472.94	-8.73	327.3	0	-285.27	1207.9
0.133	101.49635	803.23328	-404.37671	265.3692	468.95404	-211.79187	15.43326	463.95193	-374.40091	276.97119	404.17838	-214.06815	329.77185	416.23462	-260.57852	319.29962	60.46879	-250.32176	350.15793	81.33456	-328.19406	275.87848	36.11008	-297.1752	484.03827	42.27991	-279.20807	441.78116	32.59654	-215.4525	-111.67	479.19	-11.97	332	0	-283.83	1155.74
0.14	110.77474	803.89905	-402.21979	272.72476	469.93317	-210.4234	28.47128	462.66037	-374.26431	283.42834	404.89697	-212.8156	336.25241	416.41937	-259.22342	319.87366	60.64205	-250.45447	351.03336	81.14175	-328.28012	276.1514	36.52091	-297.27548	484.56088	40.67414	-279.19733	442.13828	31.76568	-214.77702	-117.3	482.55	-13.35	336.16	0	-283.41	938.1
0.147	119.92437	804.71771	-400.08136	279.526	470.80814	-209.02139	42.22276	461.17661	-374.17984	289.33563	405.52356	-211.53664	342.23236	416.52975	-257.76593	320.29718	60.80709	-250.54572	351.70529	81.04056	-328.30988	276.33426	36.84092	-297.33514	484.92023	39.4797	-279.20065	442.39404	31.16622	-214.15694	-118.35	501	-15.29	339.4	0	-282.08	1304.85
0.153	128.92697	805.66693	-397.97604	285.73294	471.56635	-207.60246	56.65585	459.50952	-374.11703	294.67975	406.04993	-210.24968	347.69653	416.55496	-256.24368	320.59033	60.95373	-250.60124	352.20374	81.00708	-328.29126	276.44016	37.07861	-297.36154	485.14725	38.63073	-279.20575	442.56042	30.74752	-213.59485	-119.97	525.75	-20.63	342.18	0	-281.6	1667.66
0.16	137.76842	806.72205	-395.91898	291.33221	472.20581	-206.18602	71.71545	457.68582	-374.03714	299.46771	406.47699	-208.97331	352.64618	416.49152	-254.69926	320.77536	61.07696	-250.62544	352.55649	81.02069	-328.23328	276.48123	37.2451	-297.36044	485.2695	38.06078	-279.20996	442.65225	30.46634	-213.09586	-118.58	554.91	-28.03	344.12	0	-280.67	2028.34
0.167	146.43933	807.85797	-393.92593	296.33691	472.73254	-204.793	87.32454	455.7504	-373.89706	303.7251	406.81216	-207.72551	357.09851	416.34222	-253.1754	320.87415	61.17522	-250.62175	352.78833	81.06477	-328.14487	276.46896	37.35286	-297.33649	485.31107	37.70742	-279.21466	442.68484	30.28664	-212.66351	-117.39	580.41	-32.44	345.71	0	-280.24	2127.32
0.173	154.93483	809.05029	-392.01312	300.78448	473.15829	-203.4444	103.38829	453.7648	-373.65479	307.4931	407.06683	-206.52286	361.08398	416.11545	-251.71118	320.90588	61.24925	-250.59314	352.92203	81.12704	-328.0343	276.41422	37.41463	-297.29349	485.29236	37.51536	-279.22061	442.67218	30.17857	-212.29706	-112.62	604.03	-33.67	346.16	0	-280.42	2187.97
0.18	163.25488	810.27637	-390.19632	304.73294	473.49814	-202.15964	119.80028	451.80356	-373.27423	310.8244	407.25473	-205.38031	364.64386	415.82419	-250.3396	320.8866	61.30197	-250.54222	352.97894	81.19928	-327.90866	276.3273	37.44269	-297.2348	485.23068	37.43761	-279.22711	442.62653	30.1179	-211.99152	-106.55	630.91	-33.02	346.29	0	-279.64	2055.91
0.187	171.40413	811.51709	-388.48944	308.25488	473.76868	-200.95474	136.44981	449.94955	-372.72916	313.77881	407.39044	-204.31119	367.82629	415.48499	-249.08594	320.82938	61.33819	-250.47122	352.97894	81.27662	-327.77411	276.2178	37.44826	-297.16336	485.14075	37.43558	-279.2338	442.55872	30.08601	-211.74001	-98.96	650.88	-34.63	346.75	0	-279.54	2041.47
0.193	179.39151	812.75757	-386.90433	311.43008	473.98611	-199.84195	153.2296	448.28873	-372.004	316.41852	407.48859	-203.32704	370.68323	415.11621	-247.96706	320.74622	61.3637	-250.38283	352.93973	81.35652	-327.63623	276.09442	37.44112	-297.08179	485.03513	37.47851	-279.24213	442.47855	30.06965	-211.53574	-91.17	673.81	-37.3	346.65	0	-279.06	2189.72
0.2	187.229	813.98724	-385.44992	314.33734	474.16516	-198.83028	170.04256	446.90387	-371.09338	318.8035	407.56256	-202.43758	373.26669	414.7359	-246.99138	320.64862	61.38362	-250.28177	352.87622	81.4377	-327.50015	275.9649	37.42943	-296.99277	484.92426	37.54282	-279.25485	442.39453	30.0602	-211.37262	-84.03	688.97	-40.42	347.25	0	-279.11	2242.46
0.207	194.9312	815.20074	-384.1319	317.04761	474.31796	-197.92632	186.80806	445.86765	-370.0015	320.98807	407.62338	-201.65028	375.62653	414.35925	-246.15984	320.54749	61.40161	-250.17499	352.80066	81.51932	-327.3707	275.83594	37.41959	-296.89908	484.81659	37.61121	-279.27481	442.31329	30.05241	-211.24498	-77.55	702.63	-42.01	347.66	0	-278.67	2309.55
0.213	202.51381	816.39703	-382.95258	319.61993	474.45355	-197.13423	203.46626	445.23572	-368.7421	323.01886	407.67905	-200.97026	377.80841	413.99683	-245.46751	320.45184	61.4202	-250.0701	352.72308	81.60033	-327.25226	275.7135	37.41638	-296.80383	484.71875	37.67165	-279.30399	442.23935	30.04348	-211.14748	-71.61	710.41	-42.68	348.41	0	-278.53	2160.53
0.22	209.99287	817.57916	-381.91098	322.09998	474.57776	-196.45563	219.98045	445.04114	-367.33737	324.93481	407.73425	-200.39999	379.853	413.65393	-244.90564	320.36841	61.44152	-249.97395	352.65137	81.67905	-327.14902	275.60248	37.42313	-296.71045	484.63586	37.71611	-279.34406	442.17569	30.03251	-211.07549	-67.1	715.22	-43.32	349.16	0	-277.77	1954.69
0.227	217.38383	818.75336	-381.00385	324.5202	474.69388	-195.8894	236.33647	445.29175	-365.81567	326.76855	407.79123	-199.93929	381.79538	413.33118	-244.46364	320.30185	61.46745	-249.892	352.59143	81.7532	-327.06467	275.50665	37.44207	-296.62244	484.57184	37.73967	-279.39679	442.12415	30.02007	-211.02559	-61.44	712.28	-44.44	350.4	0	-277.36	1906.33
0.233	224.70114	819.92743	-380.22495	326.90247	474.80301	-195.43185	252.53938	445.97171	-364.20819	328.54803	407.85059	-199.58505	383.66525	413.02594	-244.13072	320.25562	61.49965	-249.82813	352.54724	81.82007	-327.00229	275.4285	37.47472	-296.54303	484.52936	37.73966	-279.46405	442.08575	30.00757	-210.99542	-55.76	708.25	-44.71	351.62	0	-276.83	1965.93
0.24	231.95773	821.10858	-379.56512	329.26196	474.90424	-195.07649	268.60858	447.04657	-362.54556	330.29779	407.91223	-199.33162	385.48776	412.73389	-243.89696	320.23181	61.53936	-249.78464	352.52136	81.87711	-326.96393	275.36957	37.52203	-296.47504	484.51007	37.71526	-279.54721	442.06091	29.99669	-210.98308	-51.4	698.69	-44.88	353.32	0	-276.57	1848.55
0.247	239.16473	822.30212	-379.01242	331.61023	474.99548	-194.81445	284.57141	448.46939	-360.8551	332.03961	407.97583	-199.1709	387.28326	412.45007	-243.75397	320.23157	61.58739	-249.76237	352.51526	81.92249	-326.9502	275.33032	37.58459	-296.42038	484.51468	37.66708	-279.64667	442.04953	29.98869	-210.98647	-47.31	690.59	-44.29	355.42	0	-275.92	1746.38
0.253	246.33147	823.51001	-378.55261	333.95633	475.07501	-194.6347	300.45642	450.1871	-359.15887	333.79214	408.04089	-199.0927	389.06775	412.16989	-243.6945	320.25482	61.64414	-249.76079	352.52951	81.95566	-326.96024	275.31064	37.66281	-296.37985	484.54297	37.59687	-279.76166	442.05087	29.98415	-211.00288	-42.57	679.16	-42.96	357.28	0	-275.55	1641.43
0.26	253.4659	824.72998	-378.16937	336.30789	475.142	-194.52463	316.2876	452.14636	-357.47269	335.57001	408.10693	-199.08482	390.85379	411.8894	-243.71103	320.30069	61.70971	-249.77815	352.56445	81.97746	-326.99155	275.30963	37.75702	-296.35309	484.59415	37.50724	-279.89017	442.0639	29.98276	-211.02888	-38.96	669.97	-41.43	359.05	0	-274.83	1579.22
0.267	260.57523	825.95532	-377.84534	338.67255	475.19608	-194.47025	332.07861	454.29852	-355.80695	337.38318	408.17331	-199.13348	392.65161	411.60547	-243.79366	320.36755	61.7841	-249.81178	352.62024	81.99004	-327.04028	275.32568	37.86742	-296.33847	484.66675	37.40142	-280.02905	442.08734	29.98341	-211.06023	-35.96	657.41	-39.11	361.38	0	-274.33	1496.63
0.273	267.66589	827.17621	-377.56265	341.05737	475.23743	-194.45688	347.82825	456.60303	-354.16882	339.23669	408.23929	-199.22371	394.4693	411.31552	-243.92941	320.45331	61.86721	-249.85831	352.69696	81.99655	-327.10156	275.35663	37.99413	-296.33334	484.7587	37.28314	-280.17401	442.11957	29.98429	-211.09209	-32.92	644.5	-37.31	363.73	0	-273.5	1355.92
0.28	274.7438	828.38037	-377.30402	343.46832	475.26682	-194.46962	363.51782	459.02747	-352.56519	341.13141	408.30402	-199.34003	396.31195	411.01718	-244.10255	320.55536	61.95878	-249.914	352.79474	82.00067	-327.17001	275.39963	38.13691	-296.33453	484.86758	37.15641	-280.31998	442.15872	29.98323	-211.11932	-30.33	631.63	-34.37	366.83	0	-273.14	1266.82
0.287	281.81424	829.55408	-377.05255	345.90991	475.28506	-194.49423	379.11511	461.54681	-351.00385	343.06519	408.36636	-199.46732	398.18176	410.70828	-244.29565	320.67102	62.05834	-249.97522	352.91379	82.00614	-327.24026	275.45215	38.29498	-296.33994	484.99042	37.02529	-280.46146	442.20288	29.97792	-211.13696	-27.94	620.19	-32.29	369.6	0	-272.43	1244.74
0.293	288.8804	830.68317	-376.79105	348.3847	475.29288	-194.5177	394.57935	464.14151	-349.49359	345.03488	408.4249	-199.59183	400.07983	410.38724	-244.49049	320.79736	62.16519	-250.03876	353.05429	82.01631	-327.3074	275.51202	38.46697	-296.34949	485.12393	36.89365	-280.59314	442.25021	29.96619	-211.14056	-26.02	605.06	-30	373.18	0	-271.77	1170.19
0.3	295.94373	831.7536	-376.50241	350.89343	475.29071	-194.52899	409.86774	466.79562	-348.04327	347.0379	408.47787	-199.70222	402.00818	410.05368	-244.66879	320.93152	62.27843	-250.10205	353.21655	82.03384	-327.36752	275.57819	38.65097	-296.36493	485.26474	36.76491	-280.71024	442.29898	29.94626	-211.12669	-24.28	592.13	-28.38	376.78	0	-271.2	1101.21
0.307	303.00543	832.75262	-376.1716	353.43555	475.27841	-194.51959	424.93909	469.49506	-346.66034	349.07309	408.52341	-199.79016	403.97095	409.70847	-244.81328	321.07098	62.39697	-250.16353	353.40088	82.06053	-327.418	275.65027	38.84456	-296.38922	485.40936	36.64179	-280.80884	442.34775	29.91692	-211.09314	-22.82	582.19	-27.6	380.54	0	-270.55	1004.48
0.313	310.06796	833.67004	-375.78766	356.00983	475.25549	-194.48366	439.75537	472.22647	-345.34979	351.14075	408.55945	-199.85062	405.97379	409.35321	-244.90974	321.21365	62.51974	-250.22261	353.60754	82.09718	-327.45764	275.72894	39.04475	-296.42633	485.55447	36.52625	-280.8862	442.39554	29.87762	-211.03911	-21.37	573.38	-27.29	383.67	0	-269.67	993.64
0.32	317.13483	834.49884	-375.34445	358.61475	475.22122	-194.41811	454.28198	474.97601	-344.11456	353.24213	408.5842	-199.88158	408.02194	408.98941	-244.94939	321.35846	62.64603	-250.27965	353.83655	82.14362	-327.48666	275.81555	39.24854	-296.48099	485.69687	36.41946	-280.94067	442.44159	29.82854	-210.96518	-20.57	565.28	-27.25	388.08	0	-268.08	1006.53
0.327	324.20956	835.23499	-374.83957	361.25	475.17438	-194.32242	468.48877	477.7276	-342.95551	355.37872	408.59625	-199.88359	410.11871	408.61801	-244.92981	321.50513	62.77559	-250.33566	354.0874	82.19877	-327.50668	275.91095	39.45503	-296.55664	485.83353	36.32175	-280.97174	442.48547	29.7705	-210.87325	-19.96	559.41	-27.69	391.94	0	-267.09	946.43
0.333	331.29535	835.87628	-374.27493	363.91705	475.11322	-194.19843	482.35046	480.4617	-341.87149	357.55194	408.5947	-199.85912	412.26523	408.23941	-244.85423	321.65427	62.90871	-250.392	354.35938	82.26079	-327.52045	276.01422	39.66623	-296.65424	485.96179	36.23289	-280.97958	442.52679	29.70493	-210.76639	-19.27	556.88	-28.12	395.55	0	-265.93	1000.15
0.34	338.39493	836.422	-373.65656	366.6189	475.03558	-194.04997	495.84686	483.15524	-340.85931	359.76251	408.57919	-199.81201	414.46042	407.85373	-244.73016	321.80701	63.04608	-250.44981	354.65106	82.32748	-327.53116	276.12329	39.88514	-296.77271	486.07977	36.15219	-280.96494	442.56534	29.63371	-210.64856	-18.38	552.81	-29.78	399.54	0	-265.04	908.48
0.347	345.51108	836.87225	-372.99536	369.35889	474.93976	-193.88239	508.96216	485.78214	-339.9137	362.0105	408.54987	-199.74701	416.70102	407.46112	-244.56789	321.96423	63.18874	-250.50995	354.96045	82.39662	-327.54208	276.23639	40.11377	-296.91022	486.18671	36.07902	-280.92923	442.60089	29.55898	-210.52422	-18.25	552.81	-29.83	402.95	0	-263.56	947.43
0.353	352.64597	837.22778	-372.30603	372.13934	474.82513	-193.70189	521.68347	488.31387	-339.02747	364.29538	408.50754	-199.66956	418.98187	407.0621	-244.37914	322.12613	63.3379	-250.57295	355.28497	82.46628	-327.55612	276.35284	40.3531	-297.06464	486.28448	36.01325	-280.87573	442.63312	29.48292	-210.39793	-17.55	553.53	-30.93	406.58	0	-262.56	1007.58
0.36	359.80078	837.48901	-371.60471	374.96106	474.69235	-193.51505	533.99963	490.72043	-338.19171	366.61566	408.45355	-199.5853	421.29611	406.65775	-244.17603	322.2915	63.49486	-250.63939	355.62189	82.53523	-327.57565	276.47266	40.60365	-297.23352	486.37863	35.95586	-280.81039	442.66159	29.40753	-210.2739	-16.75	553.91	-31.08	410.9	0	-261.54	1149.82
0.367	366.97534	837.65668	-370.90747	377.82269	474.54327	-193.32831	545.90094	492.97156	-337.39603	368.96896	408.39001	-199.4998	423.63574	406.2496	-243.97	322.45844	63.66096	-250.71002	355.96826	82.60349	-327.60239	276.59662	40.86586	-297.41479	486.47845	35.90893	-280.74106	442.6857	29.3345	-210.15562	-16.07	558.34	-31.24	413.56	0	-260.66	1224.4
0.373	374.16812	837.73181	-370.23019	380.72058	474.38089	-193.14746	557.37897	495.03827	-336.6286	371.35168	408.31964	-199.41809	425.99255	405.83975	-243.77075	322.62482	63.83762	-250.78595	356.32178	82.67254	-327.63739	276.72528	41.14034	-297.6073	486.59451	35.87506	-280.67548	442.70462	29.26511	-210.04579	-15.86	566.06	-31.77	415.93	0	-259.54	1294.11
0.38	381.37656	837.71558	-369.58804	383.64911	474.20898	-192.9772	568.4278	496.89401	-335.8764	373.75888	408.24582	-199.34421	428.36023	405.43042	-243.58458	322.78857	64.0264	-250.86856	356.68085	82.74525	-327.68097	276.8587	41.42804	-297.81128	486.7327	35.85529	-280.61813	442.71719	29.20027	-209.94615	-15.54	570.5	-32.12	419.56	0	-258.87	1183.87
0.387	388.59698	837.60883	-368.99417	386.60138	474.03177	-192.82071	579.04584	498.51581	-335.12561	376.18445	408.17215	-199.28105	430.73587	405.02374	-243.4137	322.94785	64.22902	-250.95969	357.04486	82.82539	-327.73318	276.99652	41.73011	-298.0285	486.89017	35.84776	-280.56863	442.72208	29.14056	-209.85762	-15.04	577.13	-32.18	421.76	0	-257.86	1319.22
0.393	395.82547	837.41113	-368.457	389.57068	473.85327	-192.67958	589.23669	499.88452	-334.36203	378.62195	408.10217	-199.23032	433.11926	404.62073	-243.25681	323.10104	64.44734	-251.06154	357.4137	82.91713	-327.79413	277.13818	42.04797	-298.26193	487.05865	35.84898	-280.52335	442.71783	29.08636	-209.7804	-13.31	580.78	-32.53	425.39	0	-257.29	1228.71
0.4	403.05786	837.12177	-367.9794	392.55084	473.67682	-192.55414	599.0094	500.98544	-333.57217	381.06552	408.03879	-199.19269	435.51205	404.22055	-243.11041	323.24704	64.68318	-251.17648	357.7876	83.02438	-327.86432	277.28308	42.3834	-298.51532	487.23044	35.8558	-280.47794	442.70279	29.03799	-209.71417	-11.5	586.69	-32.5	427.74	0	-256.38	1346.34
0.407	410.29044	836.73981	-367.55896	395.53754	473.50491	-192.44397	608.37866	501.80811	-332.74512	383.51093	407.98392	-199.16797	437.91675	403.82095	-242.96962	323.38538	64.9382	-251.30685	358.16742	83.15034	-327.94446	277.43048	42.73877	-298.79202	487.39975	35.86593	-280.42856	442.67526	28.99592	-209.65836	-8.74	590.75	-32.86	429.95	0	-256.35	1254.46
0.413	417.52066	836.2652	-367.18976	398.52863	473.33908	-192.34814	617.3642	502.34494	-331.87512	385.9563	407.93842	-199.15541	440.33548	403.41983	-242.82916	323.51706	65.2139	-251.45456	358.55469	83.2972	-328.03528	277.58057	43.11684	-299.09412	487.56284	35.87797	-280.37225	442.63382	28.96068	-209.61224	-6.93	593.28	-33.22	432.11	0	-255.56	1340.58
0.42	424.74811	835.69836	-366.86539	401.52509	473.17963	-192.26547	625.99084	502.58978	-330.96368	388.40308	407.90201	-199.15385	442.77063	403.01559	-242.68433	323.64401	65.51163	-251.62097	358.95166	83.46619	-328.13727	277.73401	43.52064	-299.42197	487.71762	35.89137	-280.30725	442.57809	28.93269	-209.5752	-3.43	597.69	-32.53	434.81	0	-254.54	1526.3
0.427	431.97449	835.04059	-366.58047	404.53162	473.02573	-192.1944	634.28821	502.5376	-330.01785	390.85632	407.8736	-199.16182	445.22748	402.60617	-242.53116	323.76874	65.83276	-251.80692	359.36108	83.65798	-328.25049	277.89203	43.95317	-299.77448	487.86313	35.90605	-280.23294	442.50934	28.91196	-209.5468	-1.43	600.66	-33.36	436.71	0	-254.1	1413.72
0.433	439.20432	834.29395	-366.33078	407.55652	472.87546	-192.133	642.28979	502.18649	-329.04565	393.32471	407.85141	-199.17749	447.71497	402.1882	-242.36649	323.89359	66.17869	-252.01257	359.78546	83.87323	-328.37466	278.05591	44.41729	-300.14972	487.9989	35.92187	-280.14981	442.42929	28.8982	-209.52704	1.6	605.41	-33.71	439.78	0	-253.11	1526.41
0.44	446.44568	833.46149	-366.11334	410.61127	472.72626	-192.07898	650.03186	501.53961	-328.05399	395.81949	407.83331	-199.19862	450.24451	401.75766	-242.18835	324.02075	66.55095	-252.2375	360.22711	84.11279	-328.50964	278.22711	44.91586	-300.54526	488.12509	35.93816	-280.05966	442.3392	28.89093	-209.5164	4.17	607.94	-33.51	442.19	0	-252.98	1731.22
0.447	453.71158	832.54663	-365.92645	413.71008	472.57516	-192.02969	657.54962	500.60614	-327.04935	398.35428	407.81708	-199.22272	452.82767	401.31149	-241.99651	324.15204	66.95129	-252.4805	360.68762	84.37779	-328.65515	278.40686	45.45208	-300.9581	488.2424	35.95376	-279.96518	442.23981	28.88953	-209.51553	7.11	612.06	-33.96	444.1	0	-252.65	1788.04
0.453	461.01834	831.55334	-365.76886	416.86902	472.41913	-191.98236	664.875	499.40137	-326.03894	400.9444	407.80066	-199.24701	455.47504	400.84753	-241.79202	324.28986	67.38184	-252.73924	361.16852	84.66959	-328.8103	278.59631	46.02997	-301.38431	488.35208	35.96729	-279.86957	442.13193	28.89315	-209.52496	11.07	618.28	-34.13	445.51	0	-252.15	1832.16
0.46	468.38208	830.48706	-365.63742	420.10522	472.25531	-191.93402	672.03271	497.94614	-325.03171	403.60638	407.78241	-199.26846	458.19733	400.36401	-241.57666	324.43723	67.84527	-253.0101	361.67065	84.98979	-328.97308	278.79596	46.65454	-301.81876	488.45575	35.97765	-279.77557	442.01666	28.90068	-209.54477	14.95	624.56	-34.59	447.17	0	-251.88	1965.99
0.467	475.81659	829.3551	-365.52756	423.4361	472.08173	-191.88156	679.03906	496.26584	-324.03873	406.35706	407.76126	-199.28389	461.00537	399.85956	-241.35237	324.5975	68.34509	-253.28778	362.19452	85.34048	-329.14008	279.00623	47.3319	-302.25458	488.55496	35.98434	-279.68509	441.8956	28.91063	-209.57458	19.2	629.72	-35.13	449.64	0	-251.49	1941.95
0.473	483.33255	828.16644	-365.43274	426.87854	471.89731	-191.82172	685.90045	494.38889	-323.07291	409.21274	407.737	-199.28981	463.90936	399.33447	-241.12097	324.7742	68.88564	-253.56511	362.73999	85.72414	-329.30606	279.22705	48.06924	-302.68286	488.65112	35.98739	-279.59903	441.77066	28.92107	-209.6134	23.74	638.22	-35.49	451.01	0	-251.36	2033.19
0.48	490.93802	826.92975	-365.34534	430.44855	471.70215	-191.75102	692.61548	492.34512	-322.14832	412.18872	407.71011	-199.28244	466.91815	398.79114	-240.88371	324.97058	69.47216	-253.83287	363.30591	86.14381	-329.46399	279.45795	48.87475	-303.09244	488.74524	35.98722	-279.5174	441.64447	28.92976	-209.6595	28.37	646.66	-35.85	452.62	0	-251.25	2073.82
0.487	498.63855	825.65277	-365.25839	434.16071	471.49741	-191.66576	699.17798	490.16437	-321.27979	415.29874	407.68188	-199.25764	470.04071	398.23285	-240.64091	325.18982	70.11065	-254.07974	363.89038	86.60315	-329.60504	279.69818	49.75758	-303.47003	488.83783	35.98454	-279.43924	441.51962	28.93443	-209.71049	32.92	651.84	-36.03	454.57	0	-251.17	2105.03
0.493	506.43689	824.34174	-365.16718	438.02765	471.2851	-191.56189	705.58228	487.87549	-320.48193	418.55463	407.65421	-199.21077	473.28723	397.66293	-240.39163	325.43488	70.80762	-254.29276	364.4906	87.1066	-329.71906	279.94653	50.72758	-303.80078	488.92892	35.9802	-279.36298	441.39877	28.93294	-209.76328	36.78	665.44	-36.57	454.82	0	-251.2	2133.99
0.5	514.33417	823.00287	-365.06912	442.06	471.06787	-191.43521	711.828	485.50638	-319.76703	421.96631	407.62958	-199.13664	476.66754	397.08481	-240.13431	325.70862	71.5698	-254.45824	365.10352	87.65954	-329.79517	280.20172	51.79485	-304.06903	489.0181	35.9751	-279.28641	441.28455	28.92343	-209.81422	40.57	673.94	-35.57	455.93	0	-251.31	2375.95
0.507	522.33051	821.64325	-364.96371	446.26593	470.84897	-191.2816	717.92566	483.0849	-319.14261	425.54193	407.61093	-199.02971	480.18909	396.50287	-239.86761	326.01373	72.40388	-254.5627	365.72638	88.26826	-329.82224	280.4624	52.96935	-304.2594	489.10455	35.96999	-279.20715	441.17932	28.90441	-209.85947	46.24	685.31	-34.9	456.9	0	-251.03	2626.79
0.513	530.42572	820.271	-364.85138	450.6507	470.63214	-191.09727	723.89978	480.63956	-318.61063	429.28802	407.60141	-198.88452	483.85669	395.92212	-239.5899	326.35242	73.31635	-254.59354	366.35706	88.93998	-329.7897	280.72815	54.2608	-304.35751	489.18759	35.96548	-279.12274	441.08496	28.87489	-209.895	50.68	696.34	-34.7	457.97	0	-251.02	2882.05
0.52	538.61865	818.89514	-364.7337	455.21753	470.42139	-190.87907	729.79297	478.20026	-318.1683	433.20959	407.60422	-198.69627	487.67395	395.34714	-239.29784	326.72711	74.3135	-254.53947	366.99451	89.68265	-329.68793	280.99915	55.67873	-304.35068	489.2662	35.96201	-279.03079	441.00281	28.83455	-209.91695	55.22	708.91	-35.05	459.02	0	-251.02	2962.6
0.527	546.90674	817.52563	-364.61313	459.9679	470.2207	-190.62466	735.66699	475.7988	-317.80881	437.31015	407.62225	-198.46121	491.64545	394.78049	-238.98561	327.1405	75.40144	-254.39095	367.63892	90.50464	-329.50839	281.27631	57.23263	-304.22849	489.33939	35.95991	-278.92902	440.93335	28.78389	-209.9214	60.5	721.78	-35.03	460.01	0	-250.79	3069.38
0.533	555.28748	816.17279	-364.4938	464.90289	470.03366	-190.33275	741.60266	473.46982	-317.52136	441.5921	407.65823	-198.17694	495.77725	394.22284	-238.64545	327.5957	76.58601	-254.14038	368.29193	91.41432	-329.24408	281.56213	58.93159	-303.98285	489.40616	35.95935	-278.81531	440.87616	28.72423	-209.90466	65.13	729.91	-35.11	461.06	0	-251.16	3326.61
0.54	563.75995	814.8465	-364.38248	470.02368	469.86307	-190.00296	747.69666	471.25153	-317.29123	446.05716	407.71439	-197.84259	500.07635	393.67349	-238.26923	328.09656	77.87282	-253.78232	368.95691	92.41984	-328.88971	281.86078	60.78432	-303.60815	489.46573	35.96035	-278.68811	440.83008	28.65719	-209.8638	70.8	741.72	-35.84	462.12	0	-250.78	3359.6
0.547	572.32544	813.55627	-364.28824	475.33221	469.71072	-189.63591	754.05542	469.18555	-317.10031	450.70688	407.79251	-197.4588	504.54932	393.13089	-237.85092	328.64752	79.26735	-253.31358	369.63922	93.52887	-328.44196	282.17828	62.79926	-303.10181	489.51749	35.9627	-278.5462	440.79352	28.58399	-209.79729	76.75	751.31	-36.68	462.87	0	-251.17	3216.65
0.553	580.98761	812.31073	-364.22278	480.83234	469.57709	-189.23306	760.78583	467.31546	-316.92822	455.54401	407.89371	-197.02737	509.20233	392.59271	-237.3877	329.25348	80.77527	-252.73352	370.34686	94.74849	-327.89932	282.52307	64.98485	-302.46445	489.56082	35.96584	-278.38925	440.76459	28.50524	-209.70546	82.6	760.5	-37.24	463.54	0	-250.78	3305.37
0.56	589.75183	811.11719	-364.19955	486.53088	469.46118	-188.79672	767.98462	465.68402	-316.75375	460.57373	408.01767	-196.55078	514.04297	392.05542	-236.87943	329.92065	82.40257	-252.04433	371.09076	96.08502	-327.26221	282.9068	67.34979	-301.70053	489.59531	35.96876	-278.21771	440.74109	28.42117	-209.59039	89	767.16	-37.51	463.91	0	-250.8	3270.74
0.567	598.62463	809.98145	-364.23303	492.43829	469.36041	-188.32956	775.72583	464.32874	-316.5567	465.80475	408.16269	-196.03183	519.08118	391.51422	-236.3268	330.65735	84.15569	-251.25124	371.88507	97.54414	-326.53271	283.34491	69.90341	-300.81866	489.62057	35.96993	-278.03296	440.72101	28.33193	-209.45604	96.14	770.09	-38.37	464.86	0	-250.69	3230.6
0.573	607.61389	808.9082	-364.3371	498.56915	469.27066	-187.83417	784.05176	463.27615	-316.32184	471.24921	408.32553	-195.47321	524.33026	390.96292	-235.7305	331.47461	86.04161	-250.3624	372.74762	99.131	-325.71475	283.8573	72.65594	-299.83185	489.63626	35.96717	-277.83755	440.70209	28.23775	-209.30824	103.11	773.44	-39.3	464.96	0	-250.59	3129.88
0.58	616.72858	807.9021	-364.52399	504.94244	469.18607	-187.31253	792.96429	462.53561	-316.04395	476.92303	408.50192	-194.87717	529.80701	390.39429	-235.09143	332.38684	88.06807	-249.38866	373.7005	100.85031	-324.81378	284.46906	75.61877	-298.75729	489.64182	35.95757	-277.63538	440.68256	28.13928	-209.15485	110	771.94	-39.5	465.87	0	-250.68	3054.33
0.587	625.97723	806.9682	-364.80231	511.58118	469.09946	-186.76573	802.4231	462.09521	-315.73129	482.84619	408.68655	-194.24533	535.53125	389.80002	-234.41031	333.41156	90.24371	-248.34308	374.77057	102.70618	-323.83661	285.21057	78.80489	-297.61548	489.63632	35.93751	-277.43182	440.66119	28.03815	-209.00534	117.46	767.13	-40.35	467.21	0	-250.22	2879.24
0.593	635.3667	806.11267	-365.17645	518.51172	469.00262	-186.19348	812.34729	461.92206	-315.40472	489.04266	408.87335	-193.57799	541.52734	389.17096	-233.68576	334.56989	92.57827	-247.24042	375.98969	104.70203	-322.79086	286.11755	82.22914	-296.42865	489.61893	35.90262	-277.23398	440.63831	27.93776	-208.87033	124.62	762.34	-39.98	467.3	0	-250.31	2761.85
0.6	644.90002	805.34338	-365.64597	525.76349	468.88696	-185.59366	822.62219	461.96735	-315.09354	495.54053	409.05573	-192.87358	547.82489	388.49713	-232.9126	335.8877	95.08266	-246.09633	377.39502	106.8405	-321.68472	287.23114	85.90862	-295.2193	489.58853	35.84803	-277.05069	440.61609	27.84406	-208.76105	131.41	751.28	-39.71	468.57	0	-250.62	2755.04
0.607	654.57501	804.66986	-366.20529	533.36835	468.7439	-184.96185	833.10822	462.17505	-314.82889	502.37146	409.22708	-192.12805	554.45825	387.76834	-232.08136	337.3963	97.76895	-244.92694	379.02905	109.12344	-320.52649	288.59863	89.86231	-294.00946	489.5444	35.76864	-276.89227	440.59979	27.76611	-208.68901	136.23	738.03	-38.98	470.04	0	-250.89	2701.35
0.613	664.38245	804.10382	-366.84421	541.36035	468.56503	-184.29117	843.65234	462.49173	-314.63788	509.5705	409.38086	-191.33452	561.46582	386.97464	-231.17842	339.13342	100.6501	-243.74857	380.94006	111.5518	-319.32455	290.27332	94.11053	-292.82019	489.48691	35.65977	-276.77005	440.59894	27.71658	-208.66574	142.36	723.59	-37.79	470.5	0	-250.84	2636.5
0.62	674.30548	803.65918	-367.54794	549.77582	468.34201	-183.57248	854.09961	462.87497	-314.53882	517.17548	409.51071	-190.48363	568.88922	386.10699	-230.18678	341.14343	103.73955	-242.57724	383.18164	114.12564	-318.08746	292.31506	98.67365	-291.67148	489.41843	35.51803	-276.69565	440.62854	27.7121	-208.70244	147.84	705.91	-35.09	471.51	0	-251.31	2672.3
0.627	684.31952	803.35089	-368.29886	558.65277	468.06631	-182.79468	864.30688	463.29929	-314.53885	525.22632	409.61023	-189.564	576.77228	385.15778	-229.08691	343.47821	107.05041	-241.42853	385.81262	116.84391	-316.82422	294.79089	103.57011	-290.58237	489.34457	35.34237	-276.67999	440.71027	27.77361	-208.80942	151.41	683	-32.48	472.78	0	-251.89	2671.95
0.633	694.39435	803.19312	-369.07785	568.03009	467.72873	-181.94537	874.15564	463.7587	-314.63339	533.76385	409.67273	-188.56282	585.15955	384.12158	-227.85788	346.19684	110.59444	-240.31705	388.89575	119.70396	-315.54456	297.7735	108.81389	-289.57047	489.27512	35.13544	-276.73166	440.87354	27.92654	-208.99536	154.9	658.38	-27.95	473.91	0	-252.14	2702.9
0.64	704.49677	803.19733	-369.86703	577.94531	467.31879	-181.01213	883.56445	464.26633	-314.80939	542.82806	409.69089	-187.46698	594.09442	382.99545	-226.47876	349.36395	114.38101	-239.2563	392.49573	122.70103	-314.25894	301.33954	114.41199	-288.65131	489.2261	34.90489	-276.8555	441.15619	28.20071	-209.2662	157.33	627.38	-23.59	474.43	0	-252.69	2599.14
0.647	714.59418	803.37152	-370.65131	588.43292	466.8244	-179.98434	892.4989	464.84961	-315.05118	552.45648	409.65619	-186.26471	603.61621	381.77869	-224.93079	353.04785	118.41551	-238.25769	396.67603	125.8278	-312.97824	305.56482	120.36244	-287.83603	489.22165	34.66473	-277.05084	441.60498	28.62983	-209.62363	156.59	589.78	-18.29	475.9	0	-253.93	2469.49
0.653	724.6554	803.71936	-371.4223	599.52106	466.2316	-178.85501	900.97473	465.54114	-315.34747	562.68243	409.55817	-184.9476	613.75824	380.47244	-223.20062	357.31775	122.69754	-237.32874	401.49475	129.0742	-311.71307	310.51996	126.65318	-287.12805	489.29611	34.43638	-277.31018	442.27557	29.25037	-210.06332	154.13	542.22	-13.2	477.58	0	-255.33	2224.62
0.66	734.65265	804.23907	-372.17886	611.22845	465.52527	-177.62199	909.05298	466.36673	-315.69553	573.53381	409.38361	-183.51297	624.54553	379.07956	-221.28464	362.24042	127.21944	-236.47073	406.99957	132.42793	-310.47318	316.26514	133.26158	-286.51996	489.49612	34.24932	-277.61829	443.23309	30.10041	-210.57321	150.9	493.19	-7.37	477.48	0	-256.58	2005.36
0.667	744.56171	804.92346	-372.92661	623.56238	464.69025	-176.28952	916.82373	467.33469	-316.10004	585.03259	409.11655	-181.96555	635.99377	377.6048	-219.194	367.87695	131.96591	-235.67754	413.224	135.87569	-309.26706	322.84509	140.15479	-285.99249	489.8837	34.1413	-277.95157	444.55151	31.21807	-211.13245	144.59	436.8	-1.82	478.87	0	-258	1874.25
0.673	754.362	805.76074	-373.67569	636.51831	463.71323	-174.86987	924.38232	468.42938	-316.56839	597.19434	408.73944	-180.31824	648.1084	376.05569	-216.95882	374.2782	136.91513	-234.93604	420.18427	139.40515	-308.10196	330.28546	147.29076	-285.51614	490.53842	34.15781	-278.27832	446.31165	32.64005	-211.71072	132.61	372.66	3.34	479.39	0	-259.33	1467.27
0.68	764.03625	806.73541	-374.43738	650.08044	462.58514	-173.38422	931.80347	469.6116	-317.10504	610.02759	408.23511	-178.59198	660.88409	374.44385	-214.62946	381.48035	142.04092	-234.22829	427.87836	143.00726	-306.98407	338.59021	154.62001	-285.05475	491.5596	34.35072	-278.56015	448.59961	34.39999	-212.26895	117.32	299.83	7.17	480.74	0	-260.79	1251.21
0.687	773.57123	807.82928	-375.22089	664.22369	461.30386	-171.86136	939.12134	470.82529	-317.70734	623.53204	407.59015	-176.81442	674.30566	372.78641	-212.27432	389.5022	147.31525	-233.53436	436.28729	146.67844	-305.91907	347.74152	162.08772	-284.57068	493.06631	34.77538	-278.75421	451.50488	36.52674	-212.76096	97.06	229.09	9.23	481.19	0	-262.2	739.48
0.693	782.95721	809.02277	-376.02982	678.91553	459.87701	-170.33475	946.31909	472.00867	-318.36346	637.6969	406.79868	-175.01782	688.34924	371.10742	-209.97382	398.34406	152.71002	-232.83577	445.37787	150.42203	-304.91278	357.70135	169.63516	-284.0311	495.19583	35.48681	-278.81622	455.11865	39.04234	-213.13631	72.56	159.47	8.66	483.13	0	-263.43	617.04
0.7	792.18964	810.29492	-376.8605	694.11804	458.32477	-168.83823	953.33154	473.10602	-319.05264	652.4986	405.86688	-173.23624	702.9823	369.43823	-207.81123	407.98962	158.19818	-232.11928	455.10907	154.24756	-303.97119	368.4165	177.19991	-283.41376	498.09885	36.53415	-278.70358	459.53247	41.9593	-213.34422	44.87	96.47	6.23	489.66	0	-263.72	469.75
0.707	801.26819	811.62482	-377.70071	709.78827	456.68256	-167.40221	960.05652	474.07617	-319.74738	667.89899	404.81708	-171.50264	718.164	367.81744	-205.86238	418.40918	163.75267	-231.38034	465.43988	158.1666	-303.09985	379.82617	184.71463	-282.71161	501.93173	37.95419	-278.37848	464.8374	45.27688	-213.33794	18.05	51.14	2.05	509.59	0	-264.37	385.45
0.713	810.19733	812.99213	-378.53003	725.87781	455.00211	-166.0507	966.37695	474.89633	-320.4166	683.84534	403.69006	-169.84671	733.84589	366.28934	-204.18575	429.5658	169.3438	-230.62393	476.33844	162.18535	-302.30203	391.86981	192.10512	-281.935	506.84354	39.7638	-277.81155	471.12152	48.97667	-213.07935	-8.77	30.13	-4.99	530.14	0	-258.75	37.1
0.72	818.9856	814.37799	-379.32263	742.33264	453.35025	-164.80026	972.18384	475.56223	-321.02878	700.27271	402.54486	-168.29361	749.97345	364.9014	-202.81479	441.42181	174.93472	-229.86172	487.7901	166.29535	-301.57626	404.4939	199.28899	-281.10977	512.95935	41.95357	-276.98651	478.46661	53.01855	-212.54355	0	0	0	300	0	-203	0
0.727	827.64423	815.7655	-380.04956	759.09406	451.80508	-163.66025	977.40015	476.08481	-321.55615	717.10632	401.45572	-166.86281	766.48749	363.70187	-201.75388	453.94415	180.47705	-229.10684	499.80035	170.46542	-300.91461	417.65509	206.17744	-280.27081	520.36597	44.48499	-275.90417	486.94202	57.3387	-211.72267	0	0	0	300	0	-203	0
0.733	836.18677	817.14001	-380.68286	776.0993	450.4502	-162.63394	981.99426	476.48456	-321.97949	734.26538	400.50626	-165.56665	783.32642	362.73727	-200.97867	467.1076	185.90875	-228.36838	512.39032	174.63983	-300.30322	431.31934	212.68123	-279.4519	529.10461	47.29253	-274.5842	496.59698	61.85066	-210.62834	0	0	0	300	0	-203	0
0.74	844.62744	818.48932	-381.19791	793.28369	449.36707	-161.71957	985.98499	476.78485	-322.29059	751.66925	399.77948	-164.40897	800.42883	362.05011	-200.44116	480.89313	191.15614	-227.64801	525.58624	178.74457	-299.72467	445.46118	218.71873	-278.67535	539.17603	50.29011	-273.06223	507.4538	66.45006	-209.29184	0	0	0	300	0	-203	0
0.747	852.98059	819.80396	-381.57657	810.58301	448.62674	-160.9115	989.43762	477.00696	-322.49036	769.24353	399.34692	-163.38547	817.73633	361.67575	-200.07889	495.28253	196.1393	-226.94028	539.40692	182.69897	-299.16107	460.06073	224.22131	-277.94714	550.55237	53.38072	-271.38419	519.50555	71.02208	-207.76047	0	0	0	300	0	-203	0
0.753	861.25952	821.07874	-381.81085	827.93591	448.28143	-160.20142	992.45313	477.16852	-322.58533	786.92303	399.25977	-162.48593	835.19574	361.6394	-199.82622	510.25262	200.77847	-226.23602	553.85577	186.42682	-298.59665	475.09851	229.13277	-277.25967	563.18982	56.46639	-269.60077	532.72076	75.451	-206.09065	0	0	0	300	0	-203	0
0.76	869.47559	822.31244	-381.90466	845.28662	448.35901	-159.57968	995.15283	477.28329	-322.58481	804.6521	399.54422	-161.69727	852.76111	361.95398	-199.62424	525.77161	204.9993	-225.5265	568.92023	189.862	-298.01895	490.54919	233.40558	-276.59891	577.03748	59.45575	-267.76288	547.0528	79.6295	-204.34038	0	0	0	300	0	-203	0
0.767	877.63721	823.50714	-381.87381	862.58618	448.86127	-159.03616	997.66077	477.36227	-322.49878	822.38306	400.20062	-161.00592	870.39319	362.6192	-199.42694	541.80011	208.73605	-224.80603	584.57452	192.94937	-297.41962	506.38098	236.99811	-275.95053	592.04346	62.26855	-265.91632	562.44904	83.46513	-202.56371	0	0	0	300	0	-203	0
0.773	885.75055	824.66718	-381.7421	879.79407	449.76688	-158.56094	1000.0885	477.41388	-322.33783	840.07495	401.20636	-160.39951	888.05865	363.62268	-199.203	558.29486	211.93327	-224.07231	600.78442	195.64325	-296.79465	522.55878	239.87451	-275.30273	608.1571	64.83754	-264.09756	578.85638	86.88318	-200.80646	0	0	0	300	0	-203	0
0.78	893.81995	825.79724	-381.53659	896.87726	451.03702	-158.145	1002.52356	477.44424	-322.11282	857.69153	402.52191	-159.86739	905.72791	364.94162	-198.93462	575.21252	214.54634	-223.32581	617.51123	197.90613	-296.14401	539.04895	242.00571	-274.64777	625.32764	67.10913	-262.33087	596.22162	89.82739	-199.10277	0	0	0	300	0	-203	0
0.787	901.849	826.90155	-381.28333	913.81018	452.62201	-157.7813	1005.02124	477.45749	-321.83463	875.20056	404.09772	-159.4006	923.37427	366.54575	-198.61481	592.5127	216.54164	-222.56897	634.71533	199.70753	-295.47079	555.82361	243.36978	-273.98285	643.50305	69.04318	-260.62796	614.4892	92.26006	-197.4735	0	0	0	300	0	-203	0
0.793	909.84027	827.9823	-381.00461	930.57269	454.46756	-157.4649	1007.60535	477.45676	-321.51324	892.57355	405.88071	-158.99182	940.97241	368.39996	-198.24498	610.16003	217.89584	-221.80615	652.35944	201.02264	-294.78027	572.86224	243.95163	-273.31055	662.62915	70.61266	-258.98865	633.60083	94.1613	-195.92674	0	0	0	300	0	-203	0
0.8	917.79529	829.03912	-380.71756	947.14899	456.51996	-157.19235	1010.27295	477.44461	-321.15695	909.78693	407.81897	-158.63501	958.49915	370.46686	-197.83261	628.12518	218.59482	-221.04361	670.41089	201.83141	-294.07889	590.15271	243.74268	-272.63876	682.65039	71.80279	-257.40219	653.49622	95.52757	-194.45963	0	0	0	300	0	-203	0
0.807	925.71442	830.06744	-380.43225	963.52649	458.72943	-156.96057	1013.00354	477.42386	-320.77203	926.82269	409.86438	-158.3255	975.93372	372.70926	-197.38925	646.38495	218.63274	-220.28925	688.84314	202.11804	-293.37341	607.69128	242.74071	-271.9798	703.51074	72.61018	-255.84937	674.11432	96.36928	-193.06085	0	0	0	300	0	-203	0
0.813	933.59619	831.06	-380.15259	979.69495	461.05151	-156.76669	1015.76794	477.39746	-320.36322	943.66937	411.97345	-158.05972	993.25793	375.09161	-196.92847	664.9231	218.01123	-219.5518	707.63605	201.87144	-292.67041	625.48224	240.94939	-271.34888	725.15454	73.04149	-254.3051	695.39441	96.70817	-191.71323	0	0	0	300	0	-203	0
0.82	941.43933	832.00732	-379.8793	995.64636	463.44711	-156.60774	1018.53772	477.36853	-319.93439	960.32135	414.10715	-157.83508	1010.45679	377.58142	-196.46396	683.72937	216.73946	-218.84019	726.77533	201.0858	-291.97571	643.53674	238.37827	-270.76175	747.52686	73.11182	-252.74164	717.27734	96.57446	-190.39606	0	0	0	300	0	-203	0
0.827	949.24329	832.89935	-379.61292	1011.37488	465.88217	-156.48019	1021.29211	477.33945	-319.4895	976.77808	416.22998	-157.64948	1027.51758	380.14966	-196.00862	702.79907	214.83336	-218.16248	746.25183	199.76123	-291.29413	661.87152	235.04263	-270.23288	770.57422	72.8427	-251.1312	739.70679	96.0042	-189.08701	0	0	0	300	0	-203	0
0.833	957.00897	833.72565	-379.35437	1026.87598	468.32721	-156.37949	1024.02161	477.31064	-319.03314	993.04059	418.30948	-157.50075	1044.42957	382.77063	-195.57385	722.13354	212.31351	-217.52463	766.06024	197.90421	-290.62915	680.50818	230.96368	-269.77301	794.24463	72.26035	-249.44856	762.63208	95.03685	-187.76373	0	0	0	300	0	-203	0
0.84	964.73877	834.47644	-379.10287	1042.14563	470.75662	-156.30045	1026.72974	477.28006	-318.57117	1009.1106	420.31567	-157.38623	1061.18323	385.42175	-195.16931	741.7403	209.20378	-216.92944	786.19916	195.52747	-289.98218	699.47156	226.16862	-269.38776	818.48706	71.39417	-247.67337	786.00916	93.71294	-186.40584	0	0	0	300	0	-203	0
0.847	972.43591	835.14294	-378.85672	1057.17993	473.14746	-156.23819	1029.43103	477.24301	-318.11084	1024.98938	422.22092	-157.30219	1077.76929	388.08282	-194.80249	761.63129	205.53088	-216.37543	806.6701	192.65002	-289.35199	718.78851	220.69077	-269.07635	843.25134	70.2756	-245.79199	809.80054	92.07217	-184.99622	0	0	0	300	0	-203	0
0.853	980.10254	835.71747	-378.61307	1071.97412	475.47903	-156.1886	1032.14819	477.1926	-317.66025	1040.67664	424.00079	-157.24362	1094.17847	390.73563	-194.47849	781.82245	201.32382	-215.85651	827.47644	189.29697	-288.73428	738.48602	214.56953	-268.83154	868.4884	68.93715	-243.79869	833.97522	90.15245	-183.52209	0	0	0	300	0	-203	0
0.86	987.74005	836.19391	-378.36829	1086.52295	477.73236	-156.14813	1034.90564	477.12061	-317.2276	1056.16956	425.63507	-157.20456	1110.40015	393.36383	-194.19958	802.33307	196.61357	-215.3622	848.62262	185.49969	-288.12195	758.59003	207.8503	-268.63937	894.151	67.412	-241.69539	858.50818	87.9897	-181.97557	0	0	0	300	0	-203	0
0.867	995.34912	836.56775	-378.11755	1100.82007	479.8902	-156.11377	1037.72498	477.01843	-316.82013	1071.46228	427.10849	-157.17856	1126.42273	395.9527	-193.96539	823.18268	191.43445	-214.87866	870.11249	181.29565	-287.50504	779.12408	200.58383	-268.47998	920.19519	65.73446	-239.49043	883.37976	85.61799	-180.35367	0	0	0	300	0	-203	0
0.873	1002.92914	836.83606	-377.85519	1114.85852	481.9371	-156.08273	1040.62158	476.87827	-316.44302	1086.54626	428.41101	-157.15926	1142.23291	398.48901	-193.77281	844.38831	185.82518	-214.39003	891.94885	176.72821	-286.87155	800.10852	192.82603	-268.32904	946.58228	63.94053	-237.19662	908.57446	83.06976	-178.65808	0	0	0	300	0	-203	0
0.88	1010.47864	836.99768	-377.57465	1128.63098	483.85947	-156.0524	1043.60291	476.6947	-316.09851	1101.41101	429.53741	-157.14075	1157.81592	400.96112	-193.61632	865.9635	179.82941	-213.87926	914.13275	171.84596	-286.20789	821.55988	184.6375	-268.15955	973.27893	62.0678	-234.82954	934.07831	80.37603	-176.89456	0	0	0	300	0	-203	0
0.887	1017.99567	837.05286	-377.2692	1142.13025	485.64545	-156.02017	1046.66748	476.46631	-315.78485	1116.04492	430.48611	-157.11742	1173.15576	403.35861	-193.4884	887.91779	173.49561	-213.32895	936.66333	166.70203	-285.49954	843.48999	176.08336	-267.94373	1000.25671	60.1545	-232.40619	959.8783	77.5668	-175.07185	0	0	0	300	0	-203	0
0.893	1025.47852	837.00244	-376.93356	1155.34875	487.28461	-155.98335	1049.80737	476.19653	-315.49622	1130.43652	431.25812	-157.08353	1188.2356	405.67233	-193.38004	910.25745	166.87657	-212.72174	959.53748	161.35257	-284.73193	865.90564	167.23312	-267.65466	1027.48926	58.23859	-229.94373	985.96094	74.67168	-173.20024	0	0	0	300	0	-203	0
0.9	1032.92712	836.84747	-376.56351	1168.2793	488.7674	-155.93887	1053.01001	475.89294	-315.22388	1144.57483	431.8558	-157.03302	1203.03748	407.89413	-193.28119	932.98566	160.02826	-212.04041	982.74957	155.85556	-283.89142	888.80872	158.16045	-267.26776	1054.95032	56.35708	-227.45792	1012.31128	71.72054	-171.2905	0	0	0	300	0	-203	0
0.907	1040.34277	836.58942	-376.15643	1180.91455	490.08456	-155.88303	1056.26135	475.56601	-314.95813	1158.44995	432.28198	-156.95966	1217.54333	410.01645	-193.18152	956.10242	153.00961	-211.26846	1006.29083	150.26974	-282.96631	912.19464	148.94266	-266.76138	1082.6123	54.54583	-224.96185	1038.91235	68.74448	-169.35286	0	0	0	300	0	-203	0
0.913	1047.72815	836.23016	-375.7113	1193.24731	491.22723	-155.81122	1059.5481	475.2272	-314.68985	1172.05371	432.53912	-156.85741	1231.7356	412.03186	-193.07137	979.60352	145.88281	-210.39111	1030.14722	144.65417	-281.94778	936.05206	139.65997	-266.11719	1110.44617	52.84033	-222.46584	1065.74536	65.77675	-167.3959	0	0	0	300	0	-203	0
0.92	1055.08838	835.77258	-375.22845	1205.26965	492.18661	-155.718	1062.85876	474.88721	-314.41159	1185.38147	432.62891	-156.72095	1245.59961	413.93289	-192.94331	1003.47949	138.71342	-209.39609	1054.29846	139.06813	-280.83051	960.36285	130.39409	-265.3197	1138.4209	51.27663	-219.9787	1092.78857	62.8535	-165.4263	0	0	0	300	0	-203	0
0.927	1062.42957	835.22034	-374.70999	1216.97473	492.95425	-155.59793	1066.18579	474.55435	-314.11807	1198.43347	432.55219	-156.54608	1259.12537	415.71173	-192.79407	1027.71423	131.57004	-208.27377	1078.7157	133.57132	-279.61224	985.10071	121.22636	-264.35593	1166.50403	49.89181	-217.5098	1120.01782	60.01439	-163.44937	0	0	0	300	0	-203	0
0.933	1069.75818	834.57813	-374.15924	1228.35779	493.52264	-155.44687	1069.52527	474.23401	-313.80627	1211.21521	432.30969	-156.33008	1272.30835	417.36078	-192.62544	1052.2854	124.52316	-207.0172	1103.3634	128.22359	-278.29297	1010.23126	112.23596	-263.21478	1194.66187	48.72379	-215.07097	1147.40637	57.30273	-161.46994	0	0	0	300	0	-203	0
0.94	1077.08044	833.85101	-373.57996	1239.41833	493.88568	-155.26297	1072.87683	473.92853	-313.47546	1223.73608	431.90298	-156.07184	1285.14844	418.87292	-192.44321	1077.16431	117.644	-205.62167	1128.19849	123.08408	-276.87338	1035.71216	103.49844	-261.88745	1222.85767	47.81081	-212.67711	1174.92517	54.76537	-159.49301	0	0	0	300	0	-203	0
0.947	1084.40112	833.04462	-372.97629	1250.15942	494.03964	-155.04648	1076.24329	473.63821	-313.12659	1236.00891	431.33594	-155.772	1297.64941	420.24234	-192.25497	1102.31592	111.00291	-204.08496	1153.17139	118.20974	-275.35425	1061.49304	95.08543	-260.36819	1251.05139	47.19074	-210.34602	1202.54395	52.45219	-157.52393	0	0	0	300	0	-203	0
0.953	1091.72473	832.16504	-372.35281	1260.58813	493.98376	-154.79953	1079.63037	473.3624	-312.76199	1248.04822	430.61624	-155.43294	1309.81848	421.46469	-192.06876	1127.69971	104.66801	-202.40704	1178.22717	113.65402	-273.73724	1087.51721	87.06425	-258.6546	1279.19849	46.90018	-208.09846	1230.22925	50.41477	-155.56862	0	0	0	300	0	-203	0
0.96	1099.05579	831.21814	-371.71356	1270.71472	493.72089	-154.52576	1083.04578	473.10034	-312.38501	1259.86938	429.75613	-155.05835	1321.66504	422.53781	-191.89166	1153.2688	98.70399	-200.59003	1203.30701	109.46545	-272.02576	1113.72241	79.496	-256.74667	1307.24951	46.97386	-205.95807	1257.94434	48.70443	-153.63446	0	0	0	300	0	-203	0
0.967	1106.40039	830.20917	-371.06134	1280.55127	493.25729	-154.23001	1086.50049	472.8522	-311.99942	1271.48633	428.77225	-154.65274	1333.2002	423.4621	-191.72879	1178.97095	93.17086	-198.63753	1228.34851	105.68657	-270.22525	1140.04187	72.43323	-254.64595	1335.15051	47.44421	-203.94977	1285.64844	47.37019	-151.73135	0	0	0	300	0	-203	0
0.973	1113.76953	829.1438	-370.39761	1290.11218	492.60239	-153.91745	1090.00684	472.6192	-311.60901	1282.91113	427.68481	-154.2209	1344.43665	424.241	-191.58276	1204.74622	88.12224	-196.55446	1253.28577	102.353	-268.34308	1166.40479	65.91859	-252.35492	1362.84302	48.34112	-202.09732	1313.29614	46.45665	-149.87239	0	0	0	300	0	-203	0
0.98	1121.17761	828.0285	-369.72305	1299.41321	491.76831	-153.59271	1093.5791	472.40381	-311.21722	1294.15308	426.51642	-153.76761	1355.38757	424.88098	-191.45435	1230.52856	83.60317	-194.34717	1278.05054	99.49249	-266.38837	1192.73584	59.98431	-249.87703	1390.26428	49.69073	-200.42223	1340.83765	46.00157	-148.07397	0	0	0	300	0	-203	0
0.987	1128.63953	826.87061	-369.03778	1308.47107	490.76932	-153.25937	1097.23181	472.20914	-310.82675	1305.21814	425.29059	-153.29735	1366.06726	425.39175	-191.3443	1256.24634	79.64809	-192.02402	1302.57251	97.12393	-264.37158	1218.95654	54.65179	-247.2182	1417.34692	51.51324	-198.94412	1368.21875	46.0331	-146.35551	0	0	0	300	0	-203	0
0.993	1136.16699	825.67694	-368.341	1317.30371	489.62103	-152.91968	1100.9812	472.03848	-310.43951	1316.10913	424.03012	-152.81424	1376.49133	425.78595	-191.25461	1281.82227	76.27942	-189.59618	1326.7804	95.2565	-262.30429	1244.98706	49.93162	-244.38867	1444.0188	53.8199	-197.68004	1395.37903	46.56725	-144.73857	0	0	0	300	0	-203	0
1	1143.76819	824.45447	-367.63254	1325.92957	488.33972	-152.57446	1104.84375	471.89459	-310.05594	1326.82751	422.75571	-152.32175	1386.67676	426.0784	-191.18834	1307.17505	73.50645	-187.07854	1350.60327	93.88918	-260.19904	1270.74597	45.82357	-241.40442	1470.20313	56.61016	-196.64265	1422.25208	47.60653	-143.24487	0	0	0	300	0	-203	0
1.007	1151.448	823.2099	-366.91235	1334.36792	486.94189	-152.22314	1108.83618	471.77856	-309.67419	1337.37439	421.48483	-151.82256	1396.64111	426.28522	-191.14874	1332.21948	71.32447	-184.49023	1373.97205	93.01045	-258.06958	1296.15198	42.31686	-238.2879	1495.82068	59.86966	-195.83853	1448.76294	49.13967	-141.8941	0	0	0	300	0	-203	0
1.013	1159.20764	821.95001	-366.18216	1342.63928	485.44415	-151.86401	1112.97522	471.68918	-309.29083	1347.75134	420.2312	-151.31824	1406.40149	426.42252	-191.13882	1356.86719	69.71468	-181.85454	1396.82031	92.59815	-255.93091	1321.12402	39.39039	-235.06834	1520.79114	63.56938	-195.26709	1474.82874	51.14173	-140.70197	0	0	0	300	0	-203	0
1.02	1167.04688	820.68158	-365.4447	1350.76611	483.86328	-151.49416	1117.27747	471.6221	-308.90213	1357.96021	419.00403	-150.80905	1415.974	426.505	-191.16068	1381.02808	68.64466	-179.19843	1419.08472	92.61963	-253.7991	1345.58179	37.01306	-231.78145	1545.03638	67.6657	-194.9198	1500.35938	53.57423	-139.6788	0	0	0	300	0	-203	0
1.027	1174.96326	819.41138	-364.70383	1358.77295	482.21664	-151.10956	1121.75928	471.56955	-308.5058	1368.00305	417.80814	-150.29395	1425.37292	426.5444	-191.21356	1404.6123	68.06925	-176.55197	1440.70569	93.03229	-251.69128	1369.44568	35.14398	-228.46866	1568.48145	72.1006	-194.77975	1525.25928	56.38568	-138.82886	0	0	0	300	0	-203	0
1.033	1182.95361	818.14551	-363.96448	1366.68726	480.52261	-150.70532	1126.43518	471.52069	-308.10242	1377.88342	416.64395	-149.77075	1434.61316	426.54849	-191.29089	1427.52905	67.93149	-173.94748	1461.62646	93.78437	-249.6256	1392.63721	33.73286	-225.17587	1591.05701	76.80217	-194.82228	1549.42969	59.51252	-138.15021	0	0	0	300	0	-203	0
1.04	1191.0155	816.88953	-363.23083	1374.53967	478.8006	-150.27646	1131.31677	471.46277	-307.69684	1387.60522	415.50842	-149.23654	1443.71191	426.52051	-191.37909	1449.68896	68.16385	-171.41797	1481.79272	94.81554	-247.62094	1415.07739	32.72058	-221.95151	1612.69946	81.68492	-195.01665	1572.77039	62.87981	-137.63516	0	0	0	300	0	-203	0
1.047	1199.14709	815.64874	-362.50659	1382.3634	477.07098	-149.81848	1136.4126	471.38275	-307.29858	1397.17419	414.39584	-148.688	1452.68921	426.45911	-191.4592	1471.00317	68.68965	-168.99544	1501.15198	96.05733	-245.69653	1436.68579	32.04009	-218.84433	1633.35083	86.65028	-195.32849	1595.18152	66.40176	-137.27075	0	0	0	300	0	-203	0
1.053	1207.34912	814.42749	-361.79361	1390.19458	475.35468	-149.32823	1141.72754	471.26938	-306.92023	1406.60059	413.29922	-148.12196	1461.56946	426.35928	-191.50998	1491.38428	69.42462	-166.70914	1519.65198	97.43355	-243.87099	1457.37927	31.61799	-215.90041	1652.95813	91.58698	-195.72195	1616.56506	69.98209	-137.03946	0	0	0	300	0	-203	0
1.06	1215.62366	813.22949	-361.09222	1398.07214	473.67249	-148.80386	1147.26282	471.11478	-306.57419	1415.90112	412.21228	-147.53554	1470.38184	426.21323	-191.51085	1510.74658	70.27905	-164.5842	1537.24084	98.86104	-242.16153	1477.07129	31.37715	-213.16034	1671.474	96.37207	-196.16196	1636.82739	73.51443	-136.91989	0	0	0	300	0	-203	0
1.067	1223.97607	812.05737	-360.40073	1406.03735	472.04446	-148.24487	1153.01636	470.91483	-306.27051	1425.10168	411.13074	-146.92642	1479.16101	426.01126	-191.44489	1529.01025	71.1606	-162.64049	1553.86694	100.25083	-240.58304	1495.67297	31.24013	-210.65623	1688.85693	100.87271	-196.61612	1655.88159	76.88381	-136.88808	0	0	0	300	0	-203	0
1.073	1232.41321	810.91272	-359.71472	1414.13342	470.48947	-147.65182	1158.98499	470.66864	-306.01581	1434.23669	410.05356	-146.29312	1487.9447	425.74225	-191.30081	1546.10156	71.97771	-160.89166	1569.48132	101.51059	-239.14757	1513.0957	31.13315	-208.40924	1705.07324	104.9494	-197.05652	1673.65027	79.96886	-136.91875	0	0	0	300	0	-203	0
1.08	1240.94336	809.79596	-359.02747	1422.40405	469.0246	-147.02625	1165.16467	470.37769	-305.81323	1443.34766	408.983	-145.63522	1496.77148	425.39441	-191.07391	1561.9585	72.64361	-159.34505	1584.04041	102.54865	-237.86386	1529.2561	30.99067	-206.4288	1720.09851	108.46088	-197.46049	1690.06995	82.64538	-136.98688	0	0	0	300	0	-203	0
1.087	1249.57556	808.70563	-358.32932	1430.89148	467.66449	-146.37029	1171.55237	470.04565	-305.66226	1452.47986	407.92401	-144.95334	1505.67773	424.95651	-190.76584	1576.53247	73.08109	-158.00214	1597.5105	103.27994	-236.73729	1544.08081	30.76036	-204.71394	1733.92029	111.27112	-197.81075	1705.09473	84.791	-137.06883	0	0	0	300	0	-203	0
1.093	1258.31921	807.63947	-357.60785	1439.6333	466.42072	-145.6864	1178.146	469.67783	-305.5592	1461.67712	406.88333	-144.24902	1514.69312	424.41922	-190.38333	1589.79419	73.22762	-156.85963	1609.87219	103.6329	-235.76982	1557.51245	30.40786	-203.25572	1746.54114	113.25728	-198.09415	1718.69934	86.29154	-137.14322	0	0	0	300	0	-203	0
1.1	1267.18286	806.5946	-356.84888	1448.65845	465.30087	-144.97699	1184.94568	469.28036	-305.4978	1470.97559	405.86792	-143.52441	1523.83813	423.77643	-189.93634	1601.7356	73.04038	-155.9108	1621.12415	103.55621	-234.96022	1569.5155	29.92057	-202.03996	1757.98083	114.31821	-198.29976	1730.88245	87.04903	-137.19125	0	0	0	300	0	-203	0
1.107	1276.17505	805.56873	-356.03784	1457.98108	464.30801	-144.24397	1191.95532	468.85886	-305.47009	1480.39771	404.88422	-142.7816	1533.12048	423.02664	-189.43513	1612.37402	72.50014	-155.14679	1631.28613	103.02461	-234.30446	1580.08264	29.30955	-201.04985	1768.2782	114.38251	-198.41693	1741.66772	86.9906	-137.19695	0	0	0	300	0	-203	0
1.113	1285.3031	804.56061	-355.16119	1467.59619	463.4411	-143.4881	1199.18384	468.41693	-305.46744	1489.94824	403.93762	-142.02217	1542.5354	422.17398	-188.88737	1621.75269	71.61399	-154.55765	1640.40002	102.04235	-233.7963	1589.23804	28.60923	-200.2681	1777.49158	113.41573	-198.43527	1751.10388	86.07668	-137.14674	0	0	0	300	0	-203	0
1.12	1294.57202	803.57043	-354.20645	1477.47681	462.69672	-142.70853	1206.646	467.95502	-305.48102	1499.61316	403.03375	-141.24657	1552.06543	421.22949	-188.29633	1629.9397	70.41637	-154.13281	1648.52966	100.64359	-233.4277	1597.0387	27.87459	-199.67838	1785.69714	111.42487	-198.3454	1759.26355	84.30678	-137.02882	0	0	0	300	0	-203	0
1.127	1303.98462	802.59979	-353.16272	1487.57483	462.07166	-141.90276	1214.3623	467.47018	-305.50204	1509.36133	402.18048	-140.45401	1561.68384	420.21249	-187.66043	1637.02441	68.9678	-153.86136	1655.75793	98.88981	-233.1891	1603.5741	27.17576	-199.26642	1792.98474	108.45825	-198.1394	1766.2395	81.72159	-136.83195	0	0	0	300	0	-203	0
1.133	1313.54053	801.65234	-352.02121	1497.82703	461.56653	-141.06711	1222.35864	466.9567	-305.52213	1519.15002	401.3902	-139.64313	1571.35815	419.15216	-186.97444	1643.11401	67.35129	-153.73193	1662.18323	96.86526	-233.06982	1608.96118	26.5898	-199.0204	1799.45508	104.60153	-197.8102	1772.14063	78.40121	-136.54419	0	0	0	300	0	-203	0
1.14	1323.23621	800.73456	-350.7771	1508.16284	461.18875	-140.19751	1230.66431	466.40714	-305.53397	1528.93274	400.68204	-138.8125	1581.05432	418.08832	-186.23199	1648.32544	65.66565	-153.73203	1667.91309	94.67047	-233.05847	1613.3396	26.18928	-198.93076	1805.2135	99.97209	-197.35165	1777.08594	74.46046	-136.15198	0	0	0	300	0	-203	0
1.147	1333.06482	799.85571	-349.43039	1518.51367	460.95395	-139.29041	1239.31055	465.81345	-305.53287	1538.66699	400.08374	-137.96036	1590.7406	417.07053	-185.42899	1652.7793	64.01607	-153.84648	1673.05591	92.41354	-233.1425	1616.86365	26.02933	-198.98868	1810.36169	94.71384	-196.76016	1781.19849	70.0432	-135.6405	0	0	0	300	0	-203	0
1.153	1343.0155	799.02747	-347.98584	1528.82141	460.8855	-138.34367	1248.32715	465.16837	-305.51721	1548.32166	399.63126	-137.08466	1600.39209	416.15402	-184.56754	1656.59009	62.50203	-154.05583	1677.71057	90.19933	-233.30679	1619.68958	26.13754	-199.1821	1814.98657	88.99251	-196.03766	1784.59827	65.31586	-134.99557	0	0	0	300	0	-203	0
1.16	1353.07312	798.26215	-346.45166	1539.04614	461.01099	-137.35686	1257.73926	464.46689	-305.4881	1557.88318	399.36444	-136.18381	1609.99243	415.39273	-183.65846	1659.85767	61.20357	-154.33667	1681.9541	88.11635	-233.53307	1621.96143	26.51095	-199.49158	1819.15015	82.98746	-195.19463	1787.39539	60.45659	-134.20728	0	0	0	300	0	-203	0
1.167	1363.22021	797.57141	-344.83942	1549.17102	461.35629	-136.33109	1267.56274	463.70734	-305.44879	1567.3573	399.31998	-135.25766	1619.53333	414.83133	-182.72168	1662.65967	60.16846	-154.66629	1685.83472	86.22478	-233.80197	1623.79968	27.12055	-199.89052	1822.88513	76.87413	-194.25186	1789.68518	55.63465	-133.27374	0	0	0	300	0	-203	0
1.173	1373.43811	796.96442	-343.16174	1559.20337	461.93823	-135.26874	1277.80029	462.8916	-305.40405	1576.76514	399.52292	-134.30766	1629.01245	414.49844	-181.78217	1665.05273	59.40672	-155.02887	1689.37378	84.55156	-234.0961	1625.2981	27.92104	-200.34921	1826.20544	70.79948	-193.2397	1791.54883	50.98378	-132.20261	0	0	0	300	0	-203	0
1.18	1383.70789	796.4455	-341.43112	1569.16907	462.75836	-134.17368	1288.43689	462.02512	-305.35934	1586.13342	399.97849	-133.33636	1638.43042	414.40161	-180.86295	1667.07837	58.89674	-155.41687	1692.58228	83.09476	-234.40205	1626.52942	28.86233	-200.83905	1829.12598	64.86367	-192.19275	1793.05786	46.58308	-131.0094	0	0	0	300	0	-203	0
1.187	1394.01135	796.01184	-339.65869	1579.10229	463.79962	-133.05138	1299.43628	461.11612	-305.31937	1595.48584	400.668	-132.34698	1647.79053	414.52505	-179.97821	1668.77832	58.59853	-155.82703	1695.48108	81.8319	-234.71094	1627.55359	29.89868	-201.33609	1831.68176	59.11671	-191.14145	1794.28125	42.45495	-129.7135	0	0	0	300	0	-203	0
1.193	1404.33264	795.65271	-337.85336	1589.03198	465.02597	-131.9086	1310.73828	460.17465	-305.28671	1604.83716	401.5502	-131.34335	1657.09949	414.83139	-179.13057	1670.2085	58.46417	-156.2561	1698.11536	80.72671	-235.01794	1628.42468	30.99358	-201.82462	1833.93469	53.56345	-190.10484	1795.29004	38.57539	-128.33502	0	0	0	300	0	-203	0
1.2	1414.65991	795.34918	-336.02414	1598.97278	466.38501	-130.75266	1322.25952	459.21149	-305.26117	1614.19287	402.56766	-130.32982	1666.36926	415.26703	-178.31271	1671.44531	58.44176	-156.69913	1700.55725	79.73289	-235.32173	1629.19531	32.12069	-202.2991	1835.9718	48.16864	-189.08801	1796.15759	34.88524	-126.89622	0	0	0	300	0	-203	0
1.207	1424.98511	795.07605	-334.18027	1608.92407	467.81305	-129.59041	1333.89587	458.23749	-305.23987	1623.55188	403.65421	-129.31117	1675.61731	415.76913	-177.51105	1672.58154	58.47629	-157.14957	1702.89819	78.79684	-235.62329	1629.91614	33.26171	-202.76375	1837.89697	42.86331	-188.08435	1796.95593	31.29815	-125.42467	0	0	0	300	0	-203	0