Time	FHx	FHy	FHz	LEx	LEy	LEz	MEx	MEy	MEz	HFx	HFy	HFz	TTx	TTy	TTz	LMx	LMy	LMz	MMx	MMy	MMz	CAx	CAy	CAz	FMx	FMy	FMz	VMx	VMy	VMz	Fx	Fy	Fz	COPx	COPy	COPz	My
0	-119.98896	779.61652	-123.31044	57.22176	441.76575	-64.30206	82.45168	447.02225	-189.85791	49.30313	405.63107	-60.11687	115.5442	398.90054	-107.48588	150.39151	76.84097	-89.97697	173.68562	98.94778	-165.49541	112.84135	41.73006	-145.87135	286.44867	101.6359	-114.90544	253.68707	72.38386	-65.65131	0	0	0	300	0	-203	0
0.007	-110.50954	778.30231	-122.86553	67.03982	440.84476	-63.91471	88.10143	444.07501	-190.18407	59.74697	404.89682	-59.41019	124.79381	398.30927	-108.45535	166.22029	77.39099	-88.35982	187.04947	98.94553	-164.52034	127.81894	40.99933	-142.75308	301.1658	103.58919	-117.3825	270.18274	74.45705	-66.94732	0	0	0	300	0	-203	0
0.013	-101.00628	776.98755	-122.41759	76.85456	439.91989	-63.52844	93.83745	441.19437	-190.47749	70.14405	404.14087	-58.70687	134.02892	397.68466	-109.37059	181.71065	77.84869	-86.78033	200.17238	98.8626	-163.55991	142.47279	40.25775	-139.7243	315.595	105.33328	-119.75674	286.31317	76.31915	-68.1898	0	0	0	300	0	-203	0
0.02	-91.45667	775.67468	-121.96363	86.66161	438.98773	-63.14431	99.74447	438.4444	-190.70891	80.45042	403.34421	-58.00994	143.23814	396.99719	-110.18093	196.5499	78.12855	-85.27242	212.83351	98.62474	-162.62766	156.50351	39.49738	-136.86858	329.47229	106.6732	-121.92847	301.74173	77.77311	-69.32574	0	0	0	300	0	-203	0
0.027	-81.84	774.36877	-121.49937	96.45511	438.04697	-62.76248	105.90376	435.88382	-190.85451	90.6283	402.49362	-57.32178	152.41515	396.22473	-110.8429	210.47141	78.15895	-83.86314	224.84686	98.17	-161.73529	169.65475	38.7169	-134.2576	342.5762	107.43933	-123.80524	316.18225	78.64809	-70.30367	0	0	0	300	0	-203	0
0.033	-72.13892	773.07837	-121.01842	106.22806	437.10101	-62.38113	112.39049	433.56241	-190.89633	100.64954	401.58505	-56.64386	161.55875	395.35605	-111.32369	223.26759	77.88905	-82.57116	236.06985	97.45375	-160.89198	181.72479	37.9258	-131.94635	354.73926	107.49471	-125.30768	329.41235	78.8081	-71.07519	0	0	0	300	0	-203	0
0.04	-62.34052	771.81592	-120.51301	115.9735	436.16049	-61.99578	119.27058	431.51825	-190.82135	110.49753	400.62628	-55.97685	170.67209	394.39316	-111.60333	234.79681	77.29445	-81.40619	246.40691	96.4529	-160.10384	192.57233	37.14783	-129.96976	365.85294	106.73959	-126.37583	341.27972	78.15808	-71.59833	0	0	0	300	0	-203	0
0.047	-52.43731	770.59772	-119.97466	125.68533	435.24405	-61.59962	126.59753	429.77722	-190.61983	120.16656	399.63821	-55.32044	179.7616	393.3519	-111.6749	244.98529	76.38071	-80.36993	255.80969	95.16893	-159.3739	202.11855	36.42183	-128.34183	375.86755	105.1151	-126.97501	351.7038	76.64869	-71.84285	0	0	0	300	0	-203	0
0.053	-42.42809	769.44336	-119.39503	135.35876	434.37839	-61.18412	134.40918	428.35498	-190.28442	129.65918	398.65359	-54.67299	188.83578	392.26141	-111.54265	253.82443	75.18352	-79.45815	264.27405	93.6292	-158.70261	210.34592	35.79855	-127.05701	384.78702	102.60754	-127.09982	360.67285	74.28059	-71.79526	0	0	0	300	0	-203	0
0.06	-32.31916	768.37531	-118.76639	144.99002	433.59738	-60.7396	142.72508	427.26154	-189.81052	138.98337	397.71454	-54.03079	197.90405	391.16226	-111.21857	261.3645	73.76495	-78.66356	271.83304	91.88585	-158.08897	217.29422	35.33297	-126.09338	392.65909	99.25282	-126.77603	368.23694	71.1083	-71.46142	0	0	0	300	0	-203	0
0.067	-22.12419	767.41803	-118.08182	154.57597	432.9408	-60.25571	151.5444	426.50595	-189.1974	148.15068	396.8696	-53.38767	206.97482	390.10373	-110.71867	267.70441	72.2065	-77.97839	278.54724	90.01142	-157.53191	223.05334	35.07301	-125.41617	399.56219	95.13988	-126.06068	374.49756	67.24301	-70.86706	0	0	0	300	0	-203	0
0.073	-11.8639	766.59796	-117.33495	164.11417	432.4523	-59.72214	160.84515	426.09985	-188.44843	157.1767	396.1702	-52.73541	216.05344	389.13925	-110.06007	272.97894	70.59931	-77.39547	284.49207	88.09036	-157.0312	227.75165	35.04773	-124.98029	405.58966	90.41096	-125.04111	379.59448	62.85272	-70.0568	-19.39	45.95	-0.65	277.5	0	-74.78	-122.37
0.08	-1.56482	765.94263	-116.51914	173.60345	432.17578	-59.13035	170.58545	426.0578	-187.56998	166.08289	395.66617	-52.06538	225.13919	388.32007	-109.26021	277.34259	69.0318	-76.9082	289.74295	86.20672	-156.58907	231.53918	35.25921	-124.73299	410.83307	85.25525	-123.83247	383.68979	58.15456	-69.09163	-43.88	281.63	-2.54	262.68	0	-114.23	-540.02
0.087	8.74363	765.4801	-115.62676	183.04521	432.14944	-58.47631	180.70645	426.39398	-186.57187	174.89874	395.39935	-51.37111	234.22293	387.68646	-108.33814	280.95142	67.57642	-76.51116	294.36227	84.4306	-156.21259	234.56844	35.6818	-124.61935	415.36969	79.88997	-122.57088	386.95044	53.39263	-68.04404	-33.33	307.3	8.1	266.74	0	-114.1	-604.51
0.093	19.03151	765.23724	-114.64916	192.44376	432.39737	-57.76355	191.13617	427.11542	-185.46931	183.66168	395.39615	-50.65136	243.28577	387.25836	-107.31747	283.94608	66.28213	-76.20113	298.39307	82.80932	-155.9151	236.97853	36.26908	-124.58975	419.2605	74.53048	-121.3977	389.53247	48.80309	-66.98995	-38.21	378.61	9.93	268.79	0	-115.66	-528.04
0.1	29.27116	765.23792	-113.57758	201.80486	432.92047	-57.00511	201.79169	428.21237	-184.2845	192.41148	395.66064	-49.91199	252.29904	387.0303	-106.22946	286.44299	65.17531	-75.97753	301.86371	81.36697	-155.71391	238.88745	36.96437	-124.60619	422.5574	69.36337	-120.43626	391.57098	44.58084	-65.99739	-65.93	435.3	4.45	271.63	0	-115.71	-319.07
0.107	39.43835	765.49976	-112.40505	211.13141	433.69006	-56.22265	212.57892	429.6488	-183.04636	201.17941	396.17166	-49.16521	261.22461	386.97296	-105.11452	288.53403	64.26495	-75.84131	304.79944	80.1097	-155.62502	240.39149	37.71043	-124.64486	425.30994	64.53401	-119.77116	393.17645	40.86299	-65.11606	-95.91	444.23	-5.98	274.09	0	-114.98	-27.85
0.113	49.51223	766.03143	-111.12882	220.41624	434.64841	-55.44244	223.39053	431.35666	-181.78836	209.9756	396.88556	-48.42693	270.01501	387.04071	-104.02088	290.29211	63.54689	-75.79253	307.23236	79.03163	-155.65729	241.56888	38.45676	-124.69492	427.56833	60.14518	-119.43944	394.43713	37.72731	-64.37334	-99.31	463.84	-10.11	278.71	0	-113.79	-195.67
0.12	59.47459	766.82959	-109.75233	229.63417	435.71783	-54.68998	234.10419	433.23804	-180.54515	218.78058	397.74332	-47.71369	278.61548	387.18094	-102.99982	291.77673	63.00684	-75.82723	309.20651	78.11914	-155.80807	242.48389	39.1639	-124.75391	429.3855	56.25778	-119.4329	395.42322	35.19606	-63.77626	-102.02	518.84	-24.51	285.04	0	-111.63	-294.55
0.127	69.30896	767.87726	-108.28615	238.7364	436.8147	-53.9853	244.58258	435.17511	-179.34969	227.54251	398.67932	-47.04013	286.96704	387.34158	-102.0983	293.03592	62.62308	-75.93544	310.77634	77.35403	-156.06198	243.18976	39.80457	-124.82189	430.81659	52.89279	-119.70697	396.18951	33.24322	-63.31417	-121.25	549.81	-29.72	289.49	0	-110.06	-640.75
0.133	79.00076	769.14423	-106.74809	247.65089	437.86295	-53.34003	254.67703	437.04471	-178.23138	236.17978	399.62991	-46.417	295.01083	387.47638	-101.35139	294.10675	62.36927	-76.10194	312.00119	76.71642	-156.39365	243.72998	40.36315	-124.89711	431.91608	50.03803	-120.19455	396.77771	31.80785	-62.96308	-137.59	539.88	-24.83	293.09	0	-110.5	-1179.89
0.14	88.53829	770.58887	-105.16189	256.28989	438.80222	-52.75657	264.23511	438.73239	-177.21562	244.58986	400.53928	-45.85007	302.69202	387.54773	-100.77678	295.01758	62.21742	-76.30901	312.93951	76.18706	-156.77357	244.1394	40.8341	-124.97472	432.73499	47.65903	-120.82379	397.22046	30.81087	-62.69548	-144.56	549.13	-27.58	296.81	0	-109.19	-1316.45
0.147	97.914	772.1626	-103.55505	264.56293	439.58975	-52.22972	273.11288	440.14389	-176.32387	252.66347	401.36279	-45.33995	309.9632	387.52814	-100.37325	295.79114	62.14102	-76.53925	313.64465	75.74827	-157.17384	244.44568	41.21938	-125.04804	433.3205	45.70908	-121.53335	397.54608	30.16923	-62.49004	-150.63	586.75	-34.24	299.7	0	-109.68	-1435.53
0.153	107.12566	773.81354	-101.95673	272.39182	440.19901	-51.7505	281.19131	441.21307	-175.5731	260.30112	402.06866	-44.88338	316.78665	387.40076	-100.12343	296.44629	62.11735	-76.77763	314.16321	75.38424	-157.5715	244.67032	41.52581	-125.11095	433.71558	44.13612	-122.27837	397.77948	29.80426	-62.33423	-155.46	619.59	-42.5	302.34	0	-109.4	-1211.95
0.16	116.17671	775.49194	-100.39584	279.72272	440.61865	-51.31091	288.39273	441.90701	-174.97389	267.42746	402.63782	-44.47556	323.13644	387.15894	-99.99973	296.99951	62.12803	-77.01261	314.53577	75.0812	-157.94968	244.83005	41.7633	-125.15974	433.95914	42.88729	-123.02689	397.94238	29.64528	-62.22075	-157.56	647.66	-50.39	304.92	0	-108.84	-1302.36
0.167	125.07653	777.15405	-98.90047	286.53125	440.85248	-50.90737	294.69321	442.22855	-174.52759	273.99872	403.06256	-44.11222	329.00021	386.80527	-99.97106	297.46509	62.15882	-77.23643	314.79803	74.82745	-158.29716	244.93805	41.94374	-125.194	434.08533	41.91169	-123.75358	398.05231	29.63103	-62.1433	-155.65	672.06	-53.87	306.51	0	-108.82	-1523.39
0.173	133.83923	778.76508	-97.49715	292.81995	440.91833	-50.54136	300.12506	442.215	-174.22473	280.0022	403.34521	-43.7907	334.37952	386.35013	-100.00817	297.85516	62.19954	-77.44479	314.98169	74.61331	-158.60777	245.00543	42.07978	-125.21647	434.12396	41.1618	-124.4371	398.12314	29.71042	-62.09477	-149.56	687.91	-54.3	308.03	0	-108.37	-1971.42
0.18	142.48122	780.30048	-96.21038	298.61029	440.84448	-50.21725	304.77008	441.93185	-174.04596	285.45056	403.49677	-43.50977	339.28894	385.81036	-100.08615	298.17963	62.24398	-77.63614	315.11426	74.43108	-158.87938	245.0426	42.1834	-125.23232	434.10068	40.59424	-125.06161	398.16571	29.8429	-62.06778	-142.06	707.5	-58.03	309.85	0	-108.62	-2444.11
0.187	151.0191	781.74622	-95.0624	303.93356	440.66418	-49.93886	308.74625	441.46228	-173.96521	290.37375	403.53558	-43.26871	343.75372	385.20743	-100.18406	298.44629	62.28918	-77.81059	315.21808	74.27506	-159.11292	245.05969	42.26488	-125.24777	434.03711	40.17037	-125.61774	398.18854	29.99806	-62.05537	-135.88	719.69	-62.7	311.28	0	-107.85	-2526.53
0.193	159.46806	783.09894	-94.07213	308.82379	440.41141	-49.70623	312.19312	440.89453	-173.95351	294.81149	403.4856	-43.06597	347.80673	384.56561	-100.28223	298.66098	62.33396	-77.96854	315.31033	74.1416	-159.31071	245.06625	42.33253	-125.26878	433.95062	39.857	-126.10103	398.198	30.15427	-62.05087	-129.5	729.28	-64.85	312.72	0	-107.68	-2706.23
0.2	167.84073	784.36499	-93.25376	313.3136	440.11801	-49.51386	315.25906	440.30984	-173.9819	298.80634	403.37393	-42.89776	351.48553	383.90973	-100.35888	298.82904	62.37755	-78.11001	315.40326	74.02898	-159.47522	245.06992	42.39307	-125.29971	433.85452	39.62685	-126.50906	398.19836	30.29699	-62.04724	-123.39	734.44	-63.62	314.2	0	-107.64	-2834.92
0.207	176.14684	785.55896	-92.61602	317.43228	439.81198	-49.35067	318.09085	439.77274	-174.0229	302.39893	403.22812	-42.75739	354.83029	383.26212	-100.38821	298.95648	62.41919	-78.23434	315.5047	73.93732	-159.60806	245.07547	42.4523	-125.34258	433.75861	39.45849	-126.84042	398.19235	30.41718	-62.0374	-116.91	737.38	-61.17	315.84	0	-107.34	-3017.84
0.213	184.39223	786.70111	-92.1607	321.2048	439.51569	-49.2015	320.82352	439.32465	-174.05125	305.62595	403.0723	-42.63557	357.88193	382.64035	-100.34138	299.04947	62.45845	-78.34019	315.61832	73.86815	-159.70987	245.08466	42.51526	-125.39688	433.66937	39.3359	-127.09518	398.18134	30.51001	-62.01502	-109.85	734.75	-59.29	317.98	0	-107.06	-3052.99
0.22	192.57912	787.81403	-91.88306	324.65225	439.24384	-49.04966	323.57071	438.98187	-174.04521	308.5206	402.92484	-42.52177	360.68039	382.0556	-100.1912	299.11395	62.49534	-78.42574	315.74469	73.82358	-159.78058	245.09744	42.58588	-125.45992	433.59088	39.24778	-127.27533	398.16602	30.57377	-61.97523	-103.36	728.53	-57.52	320.78	0	-106.98	-2912.26
0.227	200.70734	788.91876	-91.77163	327.79391	439.00241	-48.87972	326.41653	438.73788	-173.98854	311.11462	402.79749	-42.40613	363.26233	381.51266	-99.91858	299.15509	62.5302	-78.48922	315.88196	73.80549	-159.81999	245.11313	42.66682	-125.52745	433.52518	39.18652	-127.38474	398.14691	30.60898	-61.91491	-98.16	714.5	-53.96	323.24	0	-106.67	-2707.17
0.233	208.77654	790.03235	-91.80859	330.65042	438.78992	-48.68019	329.41031	438.56934	-173.87219	313.44092	402.6965	-42.2811	365.66019	381.01129	-99.51782	299.17755	62.56348	-78.5294	316.02716	73.81474	-159.82848	245.13095	42.7597	-125.59457	433.47263	39.14712	-127.42905	398.12439	30.61767	-61.8327	-91.94	700.13	-50.52	326.23	0	-106.53	-2685.44
0.24	216.78694	791.1665	-91.97038	333.24728	438.60089	-48.44554	332.56512	438.44339	-173.69524	315.53665	402.6239	-42.1429	367.90265	380.54797	-98.99904	299.18579	62.59565	-78.54624	316.17712	73.85078	-159.80753	245.1503	42.8654	-125.65665	433.43283	39.12627	-127.41573	398.09912	30.60285	-61.72918	-85.89	682.81	-47.45	329.09	0	-106.27	-2344.48
0.247	224.73903	792.32776	-92.22957	335.61774	438.42981	-48.17754	335.86057	438.32492	-173.46484	317.44449	402.57892	-41.99233	370.01498	380.11737	-98.38793	299.18433	62.6273	-78.54147	316.32935	73.91161	-159.76016	245.17093	42.98433	-125.71036	433.40479	39.12161	-127.35389	398.0722	30.56818	-61.60665	-79.59	663.63	-45.64	332.13	0	-105.03	-2047.84
0.253	232.63457	793.51672	-92.55731	337.80347	438.2739	-47.88549	339.24869	438.1824	-173.1955	319.21204	402.55939	-41.83474	372.0192	379.71344	-97.72334	299.17749	62.65936	-78.51877	316.48215	73.99393	-159.69113	245.19321	43.1166	-125.7543	433.38745	39.13122	-127.25398	398.04492	30.51764	-61.46884	-73.35	641.19	-45.59	335.09	0	-103.8	-1887.4
0.26	240.47792	794.72815	-92.92522	339.853	438.13309	-47.58517	342.66162	437.99243	-172.90756	320.88989	402.56284	-41.67915	373.93433	379.32965	-97.05307	299.16953	62.69306	-78.48367	316.63498	74.09369	-159.6066	245.21799	43.26208	-125.78947	433.37985	39.15334	-127.12724	398.01889	30.45534	-61.32042	-68.14	623.84	-45.98	337.87	0	-102.99	-1648.49
0.267	248.27611	795.95184	-93.3063	341.81821	438.00851	-47.2965	346.02127	437.74301	-172.62556	322.52768	402.58688	-41.53677	375.7771	378.95932	-96.42789	299.16449	62.73005	-78.44309	316.78836	74.20642	-159.51366	245.2468	43.42054	-125.81918	433.38126	39.18632	-126.98508	397.99573	30.38528	-61.16645	-63.22	603.97	-46.02	341.25	0	-101.71	-1509.5
0.273	256.03836	797.17377	-93.67648	343.75021	437.9007	-47.0406	349.25095	437.43475	-172.37549	324.16983	402.62924	-41.41919	377.56305	378.59586	-95.8946	299.16638	62.77221	-78.40453	316.94366	74.32779	-159.41954	245.28137	43.5915	-125.84835	433.3916	39.22892	-126.83771	397.97693	30.31114	-61.01196	-57.93	584.47	-47.08	344.56	0	-100.35	-1500.77
0.28	263.77432	798.37653	-94.01694	345.69525	437.80792	-46.83673	352.28992	437.08084	-172.18118	325.85187	402.68716	-41.33672	379.30627	378.23343	-95.49	299.17902	62.82157	-78.37513	317.10263	74.45382	-159.33095	245.32346	43.77419	-125.88274	433.41226	39.28089	-126.69254	397.96365	30.23619	-60.8615	-52.74	566.41	-46.65	347.68	0	-99.07	-1457.15
0.287	271.49161	799.54047	-94.31607	347.69107	437.7254	-46.69983	355.10172	436.70309	-172.06068	327.59781	402.75699	-41.29692	381.01813	377.86703	-95.23701	299.20667	62.88027	-78.3607	317.26715	74.58114	-159.25327	245.37451	43.96761	-125.92822	433.44586	39.34303	-126.55334	397.95673	30.16313	-60.71893	-47.99	546.94	-46.96	351.89	0	-98.61	-1594.87
0.293	279.19467	800.64539	-94.56909	349.76373	437.64575	-46.63835	357.67346	436.32516	-172.02405	329.41876	402.83383	-41.30356	382.70676	377.49268	-95.14267	299.25345	62.95053	-78.36498	317.43903	74.70692	-159.19046	245.43555	44.17082	-125.99025	433.49594	39.41637	-126.42113	397.9563	30.09402	-60.58714	-44.77	530.69	-46.15	355.32	0	-97.52	-1477.77
0.3	286.88593	801.6731	-94.77655	351.92462	437.56006	-46.65324	360.01389	435.96622	-172.07314	331.31284	402.91235	-41.35607	384.37668	377.10748	-95.19809	299.32303	63.0344	-78.38966	317.62	74.82851	-159.14587	245.50665	44.38332	-126.07318	433.56586	39.50082	-126.29575	397.96216	30.03027	-60.4681	-41.92	514.84	-44.66	359.22	0	-95.86	-1385.22
0.307	294.56702	802.60773	-94.94303	354.17017	437.45956	-46.73781	362.15109	435.63751	-172.20222	333.26724	402.98721	-41.44966	386.03033	376.71017	-95.38016	299.4173	63.13303	-78.4352	317.81274	74.94324	-159.12283	245.58725	44.60519	-126.18022	433.65771	39.59404	-126.17737	397.97363	29.97261	-60.36287	-39.53	498.61	-43.85	363.37	0	-94.45	-1393.9
0.313	302.23914	803.43628	-95.07582	356.48416	437.33755	-46.87873	364.12857	435.3418	-172.3987	335.26181	403.05396	-41.57601	387.67087	376.3017	-95.65477	299.53589	63.24635	-78.50163	318.02023	75.04871	-159.12383	245.67722	44.83701	-126.31366	433.77271	39.69082	-126.06719	397.98962	29.92133	-60.27174	-38.1	489.73	-42.16	367.39	0	-93.45	-1169.67
0.32	309.90393	804.14746	-95.18547	358.84198	437.19061	-47.05801	365.9993	435.07443	-172.64369	337.2739	403.1091	-41.72437	389.30478	375.88559	-95.98115	299.67664	63.37351	-78.58856	318.24542	75.14326	-159.14951	245.77722	45.08002	-126.47456	433.91083	39.78407	-125.96822	398.00897	29.87628	-60.19439	-36.3	480.5	-40.68	370.77	0	-92.91	-1037.85
0.327	317.56375	804.73169	-95.28411	361.21634	437.01907	-47.25546	367.82095	434.8255	-172.91389	339.28336	403.15067	-41.88306	390.94324	375.46762	-96.31721	299.83618	63.51374	-78.69508	318.49149	75.22589	-159.19865	245.88779	45.33633	-126.66216	434.07141	39.86691	-125.8848	398.03058	29.83709	-60.13018	-34.59	474.97	-39.73	375.29	0	-92.27	-925.22
0.333	325.22168	805.18091	-95.3835	363.58325	436.82608	-47.45129	369.64932	434.58212	-173.18538	341.27634	403.17792	-42.04102	392.59927	375.05408	-96.62592	300.01038	63.66687	-78.81972	318.76114	75.29649	-159.26836	246.00885	45.60876	-126.87363	434.25217	39.93425	-125.82091	398.05334	29.80324	-60.07831	-32.14	470.17	-38.14	377.87	0	-91.29	-828.47
0.34	332.88074	805.48883	-95.49359	365.92569	436.61612	-47.62829	371.53232	434.33105	-173.43733	343.24673	403.19168	-42.18916	394.28156	374.64917	-96.88163	300.19446	63.83348	-78.96072	319.05585	75.35611	-159.35448	246.14001	45.90059	-127.10468	434.44809	39.98281	-125.77846	398.07666	29.77412	-60.03799	-29.59	467.97	-37.29	380.97	0	-90.69	-720.48
0.347	340.54251	805.65161	-95.62253	368.23538	436.39429	-47.77358	373.50668	434.06082	-173.65378	345.19641	403.19391	-42.32137	395.99115	374.25375	-97.07331	300.38391	64.01455	-79.11614	319.3761	75.4073	-159.45273	246.28043	46.2151	-127.35051	434.65118	40.01058	-125.75705	398.09991	29.74908	-60.00867	-26.95	467.95	-36.54	384.06	0	-90.33	-430.57
0.353	348.20718	805.66895	-95.77695	370.51224	436.16565	-47.87946	375.59622	433.76361	-173.8241	347.13403	403.1875	-42.43486	397.72421	373.8671	-97.20238	300.57581	64.2108	-79.28416	319.72183	75.45415	-159.55963	246.42905	46.55499	-127.60735	434.85196	40.01648	-125.75456	398.1228	29.7275	-59.99001	-24.4	469.8	-36.43	387.14	0	-89.79	-204.52
0.36	355.87463	805.54327	-95.96155	372.76321	435.93481	-47.94347	377.8121	433.43607	-173.94313	349.07251	403.17572	-42.52984	399.47729	373.48868	-97.27874	300.76917	64.42233	-79.46323	320.09274	75.50198	-159.67241	246.58502	46.92187	-127.8735	435.04248	40.00062	-125.76816	398.14478	29.70872	-59.98186	-22.13	470.91	-36.79	389.8	0	-89.81	-273.46
0.367	363.54532	805.28015	-96.17894	375.00101	435.70541	-47.96785	380.1539	433.07977	-174.01115	351.02649	403.16214	-42.60881	401.24881	373.11813	-97.3175	300.96515	64.64861	-79.65224	320.4874	75.55679	-159.78896	246.74728	47.3164	-128.1499	435.21774	39.96439	-125.79503	398.16516	29.69218	-59.98428	-20.35	475.69	-37.34	391.87	0	-90	-83.91
0.373	371.22058	804.88757	-96.42947	377.24197	435.47964	-47.95852	382.61179	432.70071	-174.03333	353.01028	403.1503	-42.67582	403.03854	372.75519	-97.33627	301.16595	64.88895	-79.85056	320.90121	75.62469	-159.90903	246.91406	47.7392	-128.43942	435.37558	39.91016	-125.83266	398.18329	29.67742	-59.99734	-18.56	478.27	-37.41	395.02	0	-89.05	158.23
0.38	378.90277	804.37543	-96.71101	379.50467	435.25827	-47.92387	385.16946	432.30804	-174.01898	355.03683	403.14337	-42.736	404.84784	372.3992	-97.35263	301.37366	65.1431	-80.05804	321.32556	75.71129	-160.03589	247.08264	48.1916	-128.74445	435.5162	39.84105	-125.87876	398.19812	29.66414	-60.02119	-17.14	482.69	-38.23	397.92	0	-89.34	330.83
0.387	386.59482	803.75372	-97.01991	381.80759	435.04108	-47.87384	387.80734	431.91284	-173.98093	357.11743	403.1441	-42.79517	406.68005	372.04901	-97.38214	301.58899	65.41162	-80.27505	321.75027	75.82072	-160.1759	247.25006	48.67522	-129.06505	435.64163	39.76089	-125.93086	398.20831	29.65226	-60.0559	-15.25	486.38	-38.76	400.96	0	-89.14	384.81
0.393	394.29858	803.03217	-97.35218	384.16788	434.8277	-47.81917	390.50546	431.52679	-173.93452	359.2612	403.15466	-42.85952	408.54141	371.70282	-97.43672	301.81165	65.6958	-80.50227	322.16705	75.95534	-160.33527	247.41431	49.19141	-129.39975	435.75519	39.67401	-125.98607	398.21259	29.64191	-60.10143	-14.39	491.89	-39.77	403.84	0	-89.15	564.38
0.4	402.0152	802.2196	-97.70399	386.60095	434.61798	-47.77098	393.24594	431.16119	-173.89639	361.47537	403.17682	-42.93551	410.44232	371.35858	-97.52312	302.04041	65.99757	-80.74056	322.57162	76.11612	-160.51743	247.57462	49.74109	-129.74692	435.86072	39.58458	-126.04156	398.20978	29.63332	-60.15772	-12.5	501.11	-40.67	405.77	0	-89.86	689.8
0.407	409.74585	801.32397	-98.07174	389.121	434.41171	-47.74017	396.01633	430.8262	-173.88231	363.76608	403.21149	-43.02972	412.39825	371.01379	-97.64124	302.27325	66.3193	-80.99069	322.96317	76.30328	-160.7235	247.73172	50.32482	-130.10519	435.96176	39.49578	-126.09533	398.19922	29.62666	-60.22473	-10.99	507.7	-41.95	408.5	0	-89.72	861.67
0.413	417.49219	800.35278	-98.45243	391.74112	434.20807	-47.73672	398.81204	430.52972	-173.90552	366.13956	403.25815	-43.14878	414.42966	370.66553	-97.78342	302.50873	66.66326	-81.25307	323.34286	76.51659	-160.95331	247.88806	50.94286	-130.47321	436.06122	39.40931	-126.14658	398.18042	29.62189	-60.30246	-8.16	517.31	-43.22	410.27	0	-90.23	987.2
0.42	425.25705	799.31317	-98.84444	394.47433	434.00464	-47.76879	401.63736	430.2764	-173.97604	368.60306	403.31445	-43.29913	416.55942	370.31003	-97.93636	302.74738	67.03119	-81.52757	323.71323	76.75548	-161.20581	248.04709	51.59553	-130.84903	436.16107	39.32535	-126.19572	398.1535	29.61871	-60.39084	-5.62	524.66	-44.68	412.76	0	-89.85	1016.09
0.427	433.04379	798.21216	-99.24854	397.33295	433.79718	-47.84225	404.50562	430.0661	-174.10016	371.16562	403.37613	-43.48649	418.8096	369.94278	-98.0855	302.99115	67.42435	-81.81313	324.07788	77.01923	-161.47873	248.21207	52.28381	-131.22948	436.26178	39.24283	-126.24437	398.11938	29.61657	-60.48951	-2.04	533.88	-46.62	414.38	0	-90.82	1160.72
0.433	440.85614	797.05627	-99.66767	400.32864	433.57983	-47.96034	407.43845	429.89276	-174.28004	373.83801	403.43762	-43.71514	421.19882	369.55829	-98.21961	303.24255	67.84418	-82.10725	324.44073	77.30715	-161.76834	248.38556	53.0097	-131.60962	436.36185	39.16019	-126.29482	398.07922	29.61478	-60.5975	1.26	546.06	-48.08	416.4	0	-92.09	1184.36
0.44	448.69693	795.85162	-100.10631	403.47183	433.34586	-48.12368	410.4649	429.74362	-174.51343	376.63226	403.49274	-43.987	423.74124	369.15009	-98.3343	303.5036	68.29272	-82.40572	324.80585	77.61877	-162.06911	248.569	53.77635	-131.98283	436.45895	39.07626	-126.34888	398.03491	29.61261	-60.71311	3.9	553.38	-48.7	418.39	0	-91.78	1429.3
0.447	456.56744	794.60364	-100.5701	406.77133	433.0885	-48.33049	413.61914	429.59924	-174.79391	379.56125	403.53537	-44.30139	426.44653	368.711	-98.43412	303.77637	68.77261	-82.70258	325.17764	77.95429	-162.37387	248.76245	54.58815	-132.34114	436.55145	38.99063	-126.40715	397.98883	29.60937	-60.83384	6.91	568.16	-50.06	419.66	0	-93	1550.15
0.453	464.46799	793.31744	-101.06548	410.23465	432.80167	-48.57688	416.93759	429.4346	-175.11169	382.63837	403.56012	-44.65528	429.31967	368.23453	-98.5318	304.06287	69.28712	-82.99059	325.55994	78.31511	-162.67467	248.96509	55.45093	-132.67569	436.6384	38.90366	-126.46886	397.94385	29.60441	-60.95664	10.58	579.19	-50.49	420.83	0	-93.39	1838.64
0.46	472.39819	791.99786	-101.5997	413.86801	432.48056	-48.85728	420.45602	429.22104	-175.45461	385.87729	403.56299	-45.04322	432.36285	367.71539	-98.64281	304.36548	69.84015	-83.26164	325.95578	78.70429	-162.96358	249.17618	56.37185	-132.9771	436.71991	38.8161	-126.53219	397.90314	29.59714	-61.07809	15	592.81	-52.04	422.76	0	-94.09	1880.31
0.467	480.35788	790.65015	-102.17957	417.67703	432.12201	-49.16513	424.20657	428.92905	-175.80962	389.29184	403.5415	-45.45707	435.57776	367.14944	-98.77831	304.68738	70.43623	-83.50699	326.36792	79.12665	-163.23291	249.39597	57.35897	-133.23563	436.79651	38.72874	-126.5949	397.86987	29.587	-61.19468	18.95	608.69	-52.46	423.68	0	-95.09	2141.6
0.473	488.34692	789.27972	-102.81087	421.66708	431.72482	-49.4937	428.21521	428.53168	-176.16425	392.8949	403.49472	-45.88722	438.96735	366.53336	-98.9418	305.03229	71.08063	-83.71762	326.79886	79.58866	-163.47531	249.62659	58.42117	-133.44141	436.86899	38.64218	-126.65495	397.84723	29.5735	-61.30304	22.89	624.09	-53.34	424.91	0	-95.22	2310.13
0.48	496.36594	787.8927	-103.49759	425.84396	431.28937	-49.83708	432.50018	428.00787	-176.50798	396.6976	403.42276	-46.32467	442.53607	365.86502	-99.13052	305.40454	71.77953	-83.8846	327.25153	80.09824	-163.68405	249.87134	59.56847	-133.58459	436.93805	38.55665	-126.71075	397.83777	29.55621	-61.40011	26.94	638.13	-54.05	426.11	0	-95.42	2473.13
0.487	504.41702	786.49536	-104.24166	430.21463	430.81747	-50.19102	437.07169	427.34543	-176.83339	400.70947	403.32669	-46.7626	446.28931	365.1438	-99.33868	305.8089	72.54025	-83.99948	327.72934	80.66429	-163.85297	250.13409	60.81259	-133.65585	437.0043	38.47199	-126.76112	397.84418	29.5348	-61.483	31.83	652.88	-55.23	427.04	0	-96.18	2659.26
0.493	512.50372	785.09424	-105.04296	434.78818	430.31189	-50.55344	441.93164	426.54279	-177.1371	404.93951	403.20807	-47.19671	450.23322	364.37082	-99.5605	306.25079	73.37142	-84.05469	328.23584	81.29653	-163.97624	250.41995	62.16711	-133.64711	437.0687	38.38772	-126.80512	397.86871	29.5092	-61.54882	36.74	666.5	-56.32	428.89	0	-96.68	2640.22
0.5	520.63123	783.69568	-105.89958	439.5755	429.77585	-50.92479	447.07501	425.60968	-177.42023	409.39713	403.06827	-47.62487	454.37433	363.54883	-99.79216	306.73633	74.2831	-84.04382	328.77499	82.00511	-164.04799	250.73517	63.64747	-133.55217	437.1322	38.30305	-126.84203	397.91339	29.47954	-61.5949	42.31	677.94	-57.41	430.16	0	-97.07	2608.25
0.507	528.80682	782.30566	-106.80888	444.58978	429.21271	-51.30766	452.49185	424.5661	-177.68832	414.09396	402.90762	-48.04665	458.72015	362.68195	-100.03288	307.27295	75.2868	-83.96194	329.35123	82.80034	-164.06189	251.08762	65.27093	-133.3669	437.19568	38.21691	-126.87127	397.97998	29.44619	-61.61916	47.2	689.34	-59.07	431.23	0	-97.27	2645.22
0.513	537.03961	780.92975	-107.76811	449.8461	428.62582	-51.70593	458.1698	423.44006	-177.95076	419.04434	402.72476	-48.46301	463.27933	361.77505	-100.2849	307.86957	76.39529	-83.80566	329.96915	83.69234	-164.01123	251.48758	67.0564	-133.08945	437.25977	38.12789	-126.89244	398.06946	29.40974	-61.62023	53.12	704.5	-60.07	431.12	0	-98.35	2739.25
0.52	545.33942	779.57257	-108.77526	455.36124	428.01883	-52.12385	464.09726	422.26401	-178.21956	424.26437	402.51828	-48.87665	468.06201	360.83331	-100.55292	308.53729	77.62251	-83.57307	330.63467	84.69104	-163.8891	251.94846	69.02435	-132.72023	437.32495	38.03419	-126.90538	398.1825	29.37103	-61.59763	59.24	711.47	-60.72	432.19	0	-98.47	2800.74
0.527	553.71722	778.23883	-109.82932	461.15302	427.39597	-52.56578	470.2659	421.07059	-178.50793	429.77023	402.28912	-49.29269	473.08008	359.86191	-100.84311	309.289	78.98392	-83.26375	331.35757	85.80702	-163.68913	252.48715	71.19658	-132.26221	437.39105	37.93365	-126.9102	398.31952	29.33121	-61.55179	66.4	716.28	-62.13	433.11	0	-98.32	2532.57
0.533	562.18402	776.93372	-110.93082	467.23993	426.76251	-53.03704	476.6734	419.8884	-178.82855	435.57761	402.04172	-49.7187	478.34802	358.8656	-101.16199	310.13885	80.49689	-82.87875	332.1539	87.05284	-163.40656	253.12564	73.59605	-131.72099	437.45764	37.82367	-126.90742	398.48077	29.29204	-61.48422	73.11	720.31	-63.26	434.76	0	-98.98	2531.84
0.54	570.75043	775.66357	-112.08222	473.64029	426.12485	-53.54396	483.32495	418.73856	-179.19231	441.70193	401.78326	-50.16372	483.88345	357.84885	-101.51534	311.10297	82.18065	-82.42079	333.04813	88.44343	-163.03893	253.89151	76.24674	-131.10507	437.52374	37.70123	-126.89792	398.66663	29.25623	-61.39764	79.89	723.63	-64.39	435.34	0	-99.06	2197.79
0.547	579.4256	774.43677	-113.28737	480.37302	425.49017	-54.09327	490.23483	417.6326	-179.60745	448.15866	401.52319	-50.63725	489.7074	356.81564	-101.90732	312.20129	84.05565	-81.89473	334.07303	89.99532	-162.58655	254.81931	79.17347	-130.42596	437.58826	37.56291	-126.88307	398.87817	29.22784	-61.29613	87.98	720.69	-64.51	435.74	0	-99.2	2039.76
0.553	588.21558	773.26379	-114.55114	487.45865	424.86612	-54.69119	497.42667	416.5723	-180.07933	454.96463	401.2724	-51.14826	495.84515	355.76959	-102.33961	313.45966	86.14305	-81.30807	335.2695	91.72549	-162.0528	255.95065	82.40163	-129.6983	437.65002	37.40527	-126.86476	399.11743	29.21287	-61.18523	94.77	716.25	-64.26	436.51	0	-99.39	2064.02
0.56	597.1225	772.15784	-115.87865	494.92062	424.25995	-55.34262	504.93317	415.55096	-180.61052	462.13943	401.04208	-51.70437	502.32678	354.71375	-102.81049	314.91058	88.46407	-80.67148	336.68594	93.65021	-161.44461	257.33444	85.9564	-128.94016	437.70782	37.22514	-126.8455	399.38812	29.21969	-61.07214	101.83	709.59	-64.11	437.01	0	-99.45	1858.79
0.567	606.14398	771.13434	-117.27608	502.78632	423.6778	-56.05016	512.79529	414.55618	-181.20132	469.70645	400.84241	-52.31107	509.18777	353.65063	-103.31448	316.59448	91.039	-79.99918	338.37729	95.78367	-160.77289	259.02768	89.86136	-128.1739	437.76147	37.02029	-126.82849	399.69684	29.25973	-60.96561	109.27	698.5	-63.04	437.56	0	-99.28	1615.35
0.573	615.27338	770.21106	-118.75005	511.08823	423.1236	-56.81319	521.06091	413.57272	-181.85022	477.69354	400.68124	-52.97102	516.46912	352.58194	-103.8427	318.5592	93.88591	-79.3091	340.4039	98.13659	-160.05264	261.09451	94.13671	-127.42644	437.81281	36.79005	-126.81767	400.05322	29.3481	-60.87589	115.66	681.56	-61.62	438.76	0	-98.68	1285.46
0.58	624.49994	769.40692	-120.30878	519.86334	422.59805	-57.62724	529.78302	412.58521	-182.55356	486.13345	400.56207	-53.68344	524.21655	351.50839	-104.38338	320.85913	97.01931	-78.62263	342.83017	100.71452	-159.30295	263.60464	98.79736	-126.72789	437.86707	36.53614	-126.81767	400.47144	29.50422	-60.81432	120.21	659.38	-59.92	439.68	0	-98.36	834.9
0.587	633.80841	768.74078	-121.96107	529.15192	422.09744	-58.48411	539.01703	411.57935	-183.3047	495.0632	400.48248	-54.44389	532.47888	350.42969	-104.92226	323.55292	100.44895	-77.96383	345.72183	103.51656	-158.54642	266.63138	103.85135	-126.10921	437.935	36.2636	-126.83373	400.97205	29.75239	-60.79285	126.07	628.03	-57.7	440.62	0	-98.48	434.13
0.593	643.18048	768.22998	-123.71542	538.99408	421.61264	-59.37244	548.81799	410.54175	-184.09366	504.52307	400.43375	-55.24458	541.30524	349.3443	-105.44295	326.70258	104.17832	-77.35777	349.14285	106.53513	-157.80806	270.24863	109.29866	-125.59905	438.03571	35.98201	-126.87157	401.58386	30.12247	-60.82322	129.39	592.66	-54.64	441.47	0	-98.29	163.48
0.6	652.59399	767.88928	-125.5783	549.42664	421.12857	-60.27909	559.23792	409.45868	-184.90759	514.55347	400.40121	-56.07498	550.74115	348.25015	-105.92837	330.37305	108.20343	-76.82895	353.15201	109.75677	-157.11371	274.52744	115.13025	-125.22089	438.19836	35.70679	-126.93742	402.34595	30.65059	-60.91639	130.01	551.34	-49.15	444.13	0	-97.77	-54.29
0.607	662.02417	767.72937	-127.55289	560.47943	420.62506	-61.19061	570.32281	408.3154	-185.73184	525.19189	400.36545	-56.92258	560.82501	347.14557	-106.3633	334.63013	112.51236	-76.39978	357.79898	113.16362	-156.48921	279.53232	121.32736	-124.9911	438.46368	35.46033	-127.03834	403.30902	31.37964	-61.08179	130.8	507.16	-44.54	444.38	0	-98.47	-154.34
0.613	671.44458	767.75574	-129.63774	572.17218	420.07968	-62.09495	582.10962	407.09683	-186.55188	536.46887	400.30405	-57.77397	571.58386	346.03094	-106.7374	339.53662	117.08563	-76.08966	363.12112	116.73532	-155.95996	285.31711	127.8614	-124.91788	438.88422	35.27296	-127.18223	404.5365	32.35833	-61.32662	130.65	450.77	-38.92	446.3	0	-97.91	-171.93
0.62	680.82794	767.96844	-131.82591	584.51062	419.47171	-62.98327	594.6228	405.79041	-187.3562	548.40503	400.194	-58.61644	583.02954	344.91022	-107.04778	345.14886	121.89722	-75.91417	369.14145	120.45137	-155.55057	291.92056	134.69452	-125.00108	439.52618	35.18375	-127.37681	406.10535	33.63878	-61.65479	127.21	391.44	-30.94	447.32	0	-97.47	5.27
0.627	690.1474	768.36194	-134.10399	597.48419	418.78665	-63.85186	607.87189	404.38947	-188.13936	561.00671	400.01514	-59.44004	595.15625	343.79221	-107.30119	351.51282	126.91626	-75.88469	375.86679	124.29401	-155.28398	299.36307	141.78088	-125.23317	440.47272	35.24094	-127.62766	408.10535	35.27322	-62.06567	116.14	325.84	-19.74	449.08	0	-96.53	-140.52
0.633	699.37805	768.92529	-136.45207	611.06476	418.01993	-64.70338	621.84863	402.89673	-188.90407	574.26416	399.75388	-60.23933	607.93964	342.69125	-107.51591	358.66028	132.11	-76.00874	383.28824	128.25073	-155.18123	307.64389	149.06831	-125.60149	441.82678	35.50098	-127.93618	410.63696	37.31018	-62.55321	104.63	259.2	-12.38	452.42	0	-95.58	-1018.24
0.64	708.49811	769.64282	-138.8445	625.20813	417.17902	-65.54675	636.52618	401.32727	-189.66225	588.15027	399.40643	-61.01431	621.3385	341.62738	-107.72322	366.6059	137.4467	-76.29152	391.38382	132.31561	-155.2612	316.74106	156.49928	-126.09213	443.71417	36.0257	-128.29823	413.80902	39.78998	-63.10619	84.66	190.34	-4.48	459.64	0	-92.97	-1496.87
0.647	717.49054	770.49512	-141.25069	639.85773	416.28409	-66.39509	651.85779	399.71179	-190.43445	602.62268	398.98077	-61.77034	635.2981	340.62537	-107.9671	375.34674	142.89732	-76.73756	400.12289	136.48857	-155.54111	326.61429	164.011	-126.69469	446.28418	36.87734	-128.70438	417.73602	42.73965	-63.71032	58.1	129.27	3.63	468.39	0	-89.09	-1018.55
0.653	726.34375	771.46039	-143.63629	654.94958	415.36737	-67.26265	667.7774	398.09836	-191.24632	617.62646	398.49744	-62.51691	649.75537	339.71362	-108.30119	384.86456	148.43466	-77.35217	409.47372	140.77255	-156.03654	337.21097	171.53392	-127.40717	449.70477	38.11098	-129.14197	422.53308	46.16736	-64.35238	23.29	79.24	7.32	486.16	0	-77.57	-264.11
0.66	735.05109	772.51563	-145.96503	670.41693	414.47134	-68.16167	684.20178	396.55118	-192.12366	633.09778	397.98953	-63.26607	664.6438	338.92255	-108.78159	395.13104	154.02966	-78.14183	419.41275	145.16798	-156.76018	348.47336	178.98969	-128.23901	454.15167	39.76526	-129.59897	428.30988	50.05661	-65.02531	10.09	46.2	6.93	508.82	0	-65.18	-509.69
0.667	743.60986	773.63751	-148.20021	686.19403	413.6467	-69.10009	701.03381	395.14722	-193.08774	648.96729	397.5022	-64.03156	679.90027	338.28271	-109.45601	406.1131	159.64568	-79.1133	429.93265	149.66512	-157.71832	360.34561	186.28946	-129.21094	459.79132	41.85364	-130.06735	435.16284	54.36151	-65.7318	0	0	0	300	0	-203	0
0.673	752.02063	774.80408	-150.3064	702.21857	412.94958	-70.08075	718.16858	393.97049	-194.15228	665.16333	397.09006	-64.82825	695.47058	337.82263	-110.35219	417.77692	165.23315	-80.27216	441.04684	154.23579	-158.90787	372.77792	193.33484	-130.35126	466.76422	44.35919	-130.54541	443.16693	59.00499	-66.48438	0	0	0	300	0	-203	0
0.68	760.289	775.99719	-152.2502	718.43274	412.43826	-71.10143	735.49976	393.10394	-195.32164	681.61414	396.81271	-65.67068	711.3114	337.56778	-111.47115	430.09027	170.72731	-81.62132	452.78726	158.82832	-160.31567	385.72885	200.02191	-131.68964	475.17212	47.23415	-131.03891	452.36926	63.88185	-67.30234	0	0	0	300	0	-203	0
0.687	768.42566	777.20416	-154.0029	734.78375	412.16837	-72.15512	752.92615	392.61929	-196.59097	698.25073	396.72797	-66.57015	727.38879	337.54001	-112.78764	443.02417	176.05013	-83.1602	465.19431	163.36848	-161.9211	399.16611	206.24832	-133.25002	485.07043	50.40327	-131.56186	462.78864	68.86703	-68.20824	0	0	0	300	0	-203	0
0.693	776.44293	778.41724	-155.54352	751.22467	412.18674	-73.23051	770.35828	392.56781	-197.94748	715.00989	396.88425	-67.53223	743.67578	337.75696	-114.25655	456.5542	181.11545	-84.88417	478.30423	167.76726	-163.69986	413.06595	211.92053	-135.04492	496.46692	53.76952	-132.13678	474.42004	73.82639	-69.22636	0	0	0	300	0	-203	0
0.7	784.35107	779.63226	-156.86328	767.71533	412.52496	-74.31264	787.72614	392.97513	-199.37064	731.83569	397.31406	-68.55556	760.14917	338.23135	-115.82304	470.66058	185.83551	-86.78468	492.1387	171.93205	-165.62823	427.41129	216.95969	-137.07335	509.32733	57.22258	-132.79333	487.23834	78.62708	-70.38167	0	0	0	300	0	-203	0
0.707	792.15723	780.84778	-157.96561	784.22296	413.19437	-75.38454	804.98407	393.84155	-200.83223	748.68091	398.03021	-69.63235	776.78735	338.96954	-117.43198	485.32611	190.12746	-88.84963	506.69955	175.7771	-167.6857	442.18997	221.30396	-139.3226	523.58551	60.64981	-133.56438	501.20148	83.14644	-71.69685	0	0	0	300	0	-203	0
0.713	799.86694	782.06439	-158.86407	800.7204	414.18494	-76.42957	822.11047	395.14621	-202.29857	765.50623	399.0256	-70.75	793.56879	339.97076	-119.03313	500.53241	193.91827	-91.06413	521.96997	179.22922	-169.85538	457.39212	224.9082	-141.772	539.15393	63.94646	-134.48024	516.25287	87.27882	-73.18842	0	0	0	300	0	-203	0
0.72	807.48749	783.28387	-159.57954	817.18359	415.46915	-77.43345	839.1037	396.85208	-203.73473	782.27795	400.27667	-71.89314	810.47162	341.22754	-120.58279	516.258	197.1478	-93.41165	537.92114	182.22876	-172.12262	473.009	227.74231	-144.39673	555.93384	67.02201	-135.5627	532.3252	90.93944	-74.86394	0	0	0	300	0	-203	0
0.727	815.02765	784.50836	-160.13794	833.58954	417.00928	-78.38551	855.97571	398.91095	-205.10873	798.96606	401.74951	-73.04537	827.47278	342.72662	-122.04409	532.479	199.76933	-95.87508	554.51709	184.72797	-174.47353	489.03403	229.78914	-147.17084	573.82214	69.80272	-136.82127	549.34467	94.06519	-76.72134	0	0	0	300	0	-203	0
0.733	822.49805	785.73944	-160.56866	849.91553	418.7655	-79.27882	872.74591	401.26825	-206.39395	815.54175	403.40634	-74.19092	844.54797	344.45035	-123.3875	549.17169	201.74921	-98.43739	571.71948	186.68964	-176.89493	505.46329	231.04277	-150.0695	592.71661	72.23175	-138.25264	567.23578	96.61399	-78.7494	0	0	0	300	0	-203	0
0.74	829.91107	786.97675	-160.90295	866.13953	420.70181	-80.10991	889.43347	403.86746	-207.56958	831.97742	405.21057	-75.31578	861.67065	346.3779	-124.59052	566.31409	203.06583	-101.08188	589.48987	188.08684	-179.37433	522.2951	231.50645	-153.07085	612.51849	74.26851	-139.84158	585.92389	98.56332	-80.92828	0	0	0	300	0	-203	0
0.747	837.28052	788.21735	-161.17223	882.24139	422.78824	-80.87833	906.05072	406.65338	-208.62112	848.24731	407.1293	-76.40848	878.81335	348.4866	-125.63727	583.88708	203.70901	-103.79226	607.79163	188.90308	-181.89911	539.53009	231.19095	-156.15623	633.13611	75.88772	-141.56229	605.33875	99.90828	-83.2309	0	0	0	300	0	-203	0
0.753	844.62109	789.45538	-161.4066	898.20227	425.00012	-81.58608	922.59979	409.5751	-209.54059	864.3291	409.13361	-77.46027	895.94849	350.75299	-126.5188	601.87439	203.6794	-106.55267	626.59143	189.13264	-184.45552	557.17017	230.11299	-159.30968	654.48663	77.07813	-143.38022	625.41663	100.65925	-85.6246	0	0	0	300	0	-203	0
0.76	851.94879	790.68237	-161.63332	914.00415	427.31573	-82.23688	939.07184	412.58838	-210.32578	880.2063	411.19693	-78.46498	913.04968	353.15298	-127.23388	620.26239	202.98787	-109.34753	645.86023	188.78061	-187.0285	575.21765	228.29407	-162.51672	676.49756	77.8413	-145.25476	646.10107	100.83927	-88.07294	0	0	0	300	0	-203	0
0.767	859.27954	791.88763	-161.87569	929.62946	429.71439	-82.83542	955.4483	415.65729	-210.97906	895.86914	413.29346	-79.41898	930.09253	355.66235	-127.78905	639.03986	201.65451	-112.16127	665.57239	187.86234	-189.60191	593.67499	225.75966	-165.76346	699.10693	78.19054	-147.14201	667.34357	100.48141	-90.53732	0	0	0	300	0	-203	0
0.773	866.62903	793.05847	-162.15274	945.06177	432.17493	-83.38684	971.70343	418.75439	-211.50703	911.3158	415.3963	-80.32108	947.05457	358.25684	-128.19817	658.19763	199.70706	-114.97794	685.70654	186.40216	-192.15877	612.54401	222.5385	-169.03568	722.26276	78.14976	-148.99664	689.10297	99.62595	-92.97893	0	0	0	300	0	-203	0
0.78	874.01154	794.18036	-162.47876	960.28729	434.67517	-83.8963	987.8064	421.8602	-211.92065	926.55176	417.47635	-81.17213	963.91565	360.91241	-128.48216	677.72797	197.17929	-117.78086	706.24487	184.43097	-194.68124	631.82648	218.66263	-172.31808	745.92139	77.75157	-150.77316	711.3443	98.31767	-95.36011	0	0	0	300	0	-203	0
0.787	881.43939	795.23785	-162.86305	975.29633	437.19135	-84.36881	1003.7229	424.96133	-212.23466	941.58862	419.50226	-81.97383	980.65759	363.60532	-128.66858	697.62421	194.10942	-120.55238	727.17334	181.98392	-197.15071	651.52399	214.16737	-175.59369	770.04431	77.03455	-152.42821	734.03699	96.60368	-97.64573	0	0	0	300	0	-203	0
0.793	888.92267	796.21503	-163.3101	990.08282	439.69815	-84.80916	1019.41754	428.04892	-212.46597	956.44128	421.44177	-82.72745	997.26367	366.31201	-128.78958	717.88129	190.53845	-123.2739	748.48108	179.09888	-199.54799	671.63843	209.09145	-178.84352	794.59485	76.04007	-153.9236	757.15375	94.53156	-99.8044	0	0	0	300	0	-203	0
0.8	896.46863	797.0957	-163.81943	1004.64386	442.16873	-85.22205	1034.85645	431.11609	-212.63196	971.12524	423.26303	-83.43372	1013.71802	369.00949	-128.87808	738.49524	186.5087	-125.92613	770.15869	175.81604	-201.85382	692.17218	203.47708	-182.04666	819.53668	74.80978	-155.22916	780.66992	92.14804	-101.80943	0	0	0	300	0	-203	0
0.807	904.08264	797.86444	-164.38678	1018.97772	444.57495	-85.61234	1050.00977	434.1557	-212.74927	985.6543	424.93622	-84.09381	1030.00598	371.67569	-128.96338	759.46362	182.06281	-128.48978	792.19812	172.17731	-204.04962	713.12811	197.36971	-185.18071	844.83472	73.38417	-156.32388	804.56305	89.49844	-103.63936	0	0	0	300	0	-203	0
0.813	911.76709	798.50696	-165.00441	1033.08252	446.88843	-85.98518	1064.85437	437.15839	-212.83316	1000.03784	426.435	-84.7103	1046.1123	374.29041	-129.06821	780.78534	177.24353	-130.94589	814.59229	168.22586	-206.11819	734.5097	190.81775	-188.22232	870.45453	71.80236	-157.19595	828.8139	86.62675	-105.27829	0	0	0	300	0	-203	0
0.82	919.52252	799.01111	-165.66176	1046.95447	449.08179	-86.34613	1079.37366	440.11124	-212.89706	1014.27881	427.73834	-85.28784	1062.02075	376.83612	-129.20778	802.46057	172.09366	-133.27618	837.33484	164.00607	-208.04407	756.31989	183.87236	-191.14792	896.36493	70.10317	-157.84151	853.40656	83.57614	-106.716	0	0	0	300	0	-203	0
0.827	927.34827	799.36652	-166.34583	1060.58728	451.13055	-86.70128	1093.55737	442.99789	-212.95218	1028.37207	428.83173	-85.83385	1077.71277	379.29849	-129.39006	824.49017	166.65636	-135.4632	860.42004	159.56358	-209.81387	778.56006	176.58684	-193.93369	922.53809	68.32681	-158.26277	878.32916	80.3895	-107.94757	0	0	0	300	0	-203	0
0.833	935.24188	799.56555	-167.04179	1073.97058	453.01474	-87.05785	1107.40198	445.79807	-213.00781	1042.30286	429.70752	-86.35869	1093.16748	381.66617	-129.61661	846.87531	160.97585	-137.49057	883.83997	154.94539	-211.41693	801.22998	169.01616	-196.55547	948.95062	66.51637	-158.46683	903.57361	77.10998	-108.97251	0	0	0	300	0	-203	0
0.84	943.19958	799.60303	-167.7338	1087.0896	454.71957	-87.42482	1120.91028	448.48724	-213.07176	1056.04871	430.36493	-86.8753	1108.36279	383.93042	-129.8837	869.61713	155.09787	-139.34329	907.58447	150.20012	-212.84537	824.32776	161.21626	-198.98923	975.58374	64.7184	-158.46518	929.13538	73.78146	-109.79382	0	0	0	300	0	-203	0
0.847	951.21527	799.47681	-168.40588	1099.92676	456.23514	-87.81268	1134.08801	451.0365	-213.14966	1069.58008	430.80887	-87.39796	1123.27527	386.08453	-130.18373	892.71552	149.07024	-141.00804	931.6394	145.37805	-214.0936	847.84912	153.244	-201.21284	1002.42157	62.98239	-158.27383	955.01031	70.44872	-110.41736	0	0	0	300	0	-203	0
0.853	959.28235	799.1875	-169.04231	1112.46106	457.55527	-88.23254	1146.94177	453.41449	-213.24513	1082.86414	431.04852	-87.94086	1137.88135	388.12283	-130.50699	916.16858	142.94293	-142.47348	955.98535	140.53101	-215.15765	871.78729	145.15738	-203.20758	1029.44971	61.35857	-157.91324	981.19257	67.15719	-110.8513	0	0	0	300	0	-203	0
0.86	967.39368	798.7384	-169.62888	1124.67175	458.67538	-88.69534	1159.47571	455.59045	-213.36176	1095.86658	431.09503	-88.51664	1152.15869	390.03961	-130.8438	939.97144	136.76822	-143.73053	980.599	135.71133	-216.03459	896.13159	137.01564	-204.95874	1056.65137	59.89587	-157.40799	1007.67218	63.95274	-111.10567	0	0	0	300	0	-203	0
0.867	975.54395	798.13605	-170.15408	1136.54028	459.59012	-89.21136	1171.69299	457.53696	-213.50513	1108.55725	430.95767	-89.13535	1166.08899	391.82758	-131.18719	964.11499	130.60033	-144.7726	1005.45325	130.97098	-216.72267	920.86652	128.87953	-206.45538	1084.0061	58.64114	-156.78493	1034.43408	60.88152	-111.19183	0	0	0	300	0	-203	0
0.873	983.72974	797.38959	-170.61015	1148.05237	460.29156	-89.78992	1183.59546	459.23093	-213.68332	1120.91479	430.63992	-89.8036	1179.65881	393.47678	-131.53508	988.5849	124.49511	-145.59549	1030.51685	126.36079	-217.22237	945.97125	120.81111	-207.68983	1111.48914	57.63952	-156.06981	1061.45715	57.99016	-111.12225	0	0	0	300	0	-203	0
0.88	991.94873	796.5105	-170.99277	1159.20007	460.76874	-90.43872	1195.18323	460.6539	-213.90656	1132.92908	430.13815	-90.52464	1192.86035	394.97473	-131.89125	1013.36053	118.50948	-146.19765	1055.75488	121.93025	-217.537	971.41742	112.87346	-208.65703	1139.06885	56.9346	-155.28551	1088.71375	55.32573	-110.91075	0	0	0	300	0	-203	0
0.887	1000.19867	795.51154	-171.29956	1169.98206	461.00839	-91.16323	1206.45581	461.79172	-214.1869	1144.60266	429.44333	-91.29887	1205.69141	396.30716	-132.26514	1038.41431	112.70091	-146.58023	1081.12671	117.72702	-217.6729	997.16833	105.12981	-209.35373	1166.70801	56.5681	-154.45299	1116.16992	52.9355	-110.57332	0	0	0	300	0	-203	0
0.893	1008.47717	794.40631	-171.52974	1180.40454	460.99619	-91.96625	1217.40991	462.63385	-214.53807	1155.948	428.54456	-92.12451	1218.1554	397.45932	-132.67065	1063.71057	107.12677	-146.74748	1106.58435	113.79578	-217.63937	1023.17688	97.64255	-209.77835	1194.36108	56.57858	-153.59506	1143.78369	50.86646	-110.12935	0	0	0	300	0	-203	0
0.9	1016.78278	793.20898	-171.68446	1190.48132	460.71878	-92.84778	1228.04053	463.17273	-214.9749	1166.98657	427.43295	-92.99818	1230.26099	398.41772	-133.12459	1089.20459	101.84315	-146.70703	1132.07092	110.17715	-217.44894	1049.38501	90.47209	-209.93155	1221.9751	56.99932	-152.73946	1171.50562	49.16407	-109.60254	0	0	0	300	0	-203	0
0.907	1025.11572	791.93396	-171.76624	1200.23291	460.1662	-93.80524	1238.34009	463.40298	-215.51251	1177.74487	426.10507	-93.91505	1242.02283	399.17188	-133.64471	1114.84119	96.90372	-146.47017	1157.52026	106.90662	-217.11742	1075.72327	83.67528	-209.81744	1249.48755	57.85649	-151.91905	1199.27734	47.87026	-109.02109	0	0	0	300	0	-203	0
0.913	1033.47791	790.59583	-171.77922	1209.6864	459.33426	-94.83344	1248.29907	463.32153	-216.16504	1188.2533	424.56522	-94.86884	1253.46021	399.71628	-134.24791	1140.55261	92.35827	-146.05209	1182.85486	104.01357	-216.66382	1102.10962	77.30359	-209.44421	1276.82544	59.16825	-151.17059	1227.03015	47.02135	-108.41707	0	0	0	300	0	-203	0
0.92	1041.87366	789.20886	-171.72853	1218.8739	458.22681	-95.92397	1257.90759	462.92761	-216.94409	1198.54504	422.82681	-95.85146	1264.59705	400.05222	-134.94865	1166.25793	88.25111	-145.47185	1207.98657	101.52053	-216.11017	1128.44873	71.40113	-208.82465	1303.9043	60.9437	-150.53329	1254.68262	46.64656	-107.82508	0	0	0	300	0	-203	0
0.927	1050.30969	787.78668	-171.62042	1227.83154	456.85745	-97.06474	1267.15613	462.22342	-217.8576	1208.65332	420.91272	-96.85256	1275.45947	400.18893	-135.75784	1191.86121	84.61908	-144.75209	1232.81726	99.44308	-215.4808	1154.63257	66.00266	-207.97638	1330.62842	63.18134	-150.04688	1282.13928	46.76627	-107.28065	0	0	0	300	0	-203	0
0.933	1058.79358	786.34241	-171.4614	1236.599	455.25	-98.24011	1276.03821	461.21515	-218.90903	1218.61084	418.85443	-97.85901	1286.0752	400.14365	-136.68207	1217.2522	81.48904	-143.91867	1257.2395	97.78859	-214.80156	1180.54126	61.13173	-206.92212	1356.89087	65.86641	-149.7485	1309.29065	47.38908	-106.81873	0	0	0	300	0	-203	0
0.94	1067.33386	784.88794	-171.25851	1245.21863	453.43799	-99.43161	1284.55225	459.91443	-220.09665	1228.44873	416.69052	-98.85489	1296.47192	399.94031	-137.72365	1242.30725	78.87502	-143.0002	1281.13965	96.55292	-214.09949	1206.04431	56.79919	-205.68965	1382.57495	68.9671	-149.66959	1336.01331	48.50802	-106.47212	0	0	0	300	0	-203	0
0.947	1075.93909	783.43384	-171.01877	1253.73486	451.46304	-100.61881	1292.703	458.33963	-221.41286	1238.19641	414.46399	-99.82278	1306.67566	399.60727	-138.88069	1266.89221	76.77538	-142.02725	1304.39929	95.71749	-213.40211	1231.00354	53.00228	-204.31161	1407.55664	72.43085	-149.83414	1362.17273	50.09605	-106.27017	0	0	0	300	0	-203	0
0.953	1084.61682	781.98914	-170.74945	1262.1925	449.37268	-101.78074	1300.50366	456.51709	-222.84352	1247.88196	412.21964	-100.74527	1316.71008	399.17395	-140.14723	1290.86511	75.17046	-141.03156	1326.89807	95.24794	-212.73628	1255.27515	49.72462	-202.82501	1431.70947	76.18225	-150.25838	1387.62561	52.10191	-106.23737	0	0	0	300	0	-203	0
0.96	1093.37634	780.56152	-170.45868	1270.63562	447.21768	-102.89735	1307.97742	454.48148	-224.36751	1257.53027	410.00104	-101.60625	1326.59473	398.66718	-141.51286	1314.08057	74.02167	-140.04482	1348.51807	95.09391	-212.12726	1278.71313	46.93657	-201.27	1454.90649	80.1226	-150.95044	1412.22412	54.44789	-106.39211	0	0	0	300	0	-203	0
0.967	1102.22644	779.15723	-170.15527	1279.10571	445.04907	-103.95102	1315.15833	452.2749	-225.95711	1267.16321	407.84723	-102.39217	1336.34534	398.10776	-142.96231	1336.39502	73.272	-139.09752	1369.14709	95.18983	-211.59787	1301.1731	44.59599	-199.68839	1477.02539	84.13202	-151.90979	1435.82068	57.03075	-106.74586	0	0	0	300	0	-203	0
0.973	1111.17493	777.78027	-169.84749	1287.6405	442.91476	-104.92808	1322.09216	449.94531	-227.57951	1276.797	405.78986	-103.09311	1345.97412	397.50812	-144.47551	1357.67151	72.84792	-138.21799	1388.68164	95.45711	-211.16812	1322.51611	42.64955	-198.12167	1497.95532	88.07458	-153.12735	1458.2738	59.72678	-107.30316	0	0	0	300	0	-203	0
0.98	1120.22766	776.43274	-169.54247	1296.27271	440.85593	-105.82035	1328.83386	447.54385	-229.19922	1286.4425	403.85071	-103.7036	1355.48889	396.87131	-146.02814	1377.78528	72.66232	-137.43208	1407.03125	95.8076	-210.85489	1342.61328	41.03478	-196.60936	1517.59961	91.80614	-154.58624	1479.45313	62.39994	-108.06213	0	0	0	300	0	-203	0
0.987	1129.38794	775.11456	-169.24577	1305.0271	438.90439	-106.62619	1335.44556	445.12125	-230.78073	1296.10413	402.04059	-104.22279	1364.89575	396.19156	-147.59265	1396.6283	72.6188	-136.76343	1424.12109	96.14791	-210.67163	1361.35107	39.68293	-195.18718	1535.88135	95.18319	-156.26315	1499.24463	64.91121	-109.015	0	0	0	300	0	-203	0
0.993	1138.65784	773.82416	-168.96042	1313.91943	437.08069	-107.3503	1341.99243	442.72421	-232.29143	1305.78027	400.35947	-104.65408	1374.19922	395.45593	-149.13992	1414.1145	72.61764	-136.23305	1439.89624	96.38448	-210.62776	1378.63672	38.52293	-193.88573	1552.74609	98.07209	-158.1302	1517.5575	67.12708	-110.14864	0	0	0	300	0	-203	0
1	1148.03809	772.55933	-168.68723	1322.95496	435.39389	-108.00214	1348.53735	440.39169	-233.70416	1315.46472	398.79819	-105.00449	1383.40393	394.64774	-150.64168	1430.1853	72.56234	-135.85794	1454.32605	96.4293	-210.72815	1394.40393	37.48612	-192.72916	1568.16455	100.35749	-160.15637	1534.32971	68.92654	-111.44505	0	0	0	300	0	-203	0
1.007	1157.52808	771.3172	-168.42412	1332.13062	433.8428	-108.59368	1355.13684	438.15225	-234.9995	1325.14758	397.34094	-105.28407	1392.51611	393.75009	-152.07379	1444.81494	72.36646	-135.64911	1467.40771	96.20603	-210.97272	1408.62	36.51114	-191.73407	1582.13599	101.94992	-162.30824	1549.53564	70.20783	-112.88199	0	0	0	300	0	-203	0
1.013	1167.12549	770.09515	-168.16713	1341.4353	432.41858	-109.13716	1361.83582	436.02255	-236.16701	1334.81873	395.96829	-105.50517	1401.5437	392.74969	-153.41933	1458.01599	71.9598	-135.61017	1479.1709	95.65582	-211.35664	1421.29211	35.54835	-190.9086	1594.69214	102.79218	-164.55115	1563.19055	70.89548	-114.43404	0	0	0	300	0	-203	0
1.02	1176.82593	768.89063	-167.91069	1350.85425	431.10751	-109.64373	1368.66492	434.0072	-237.20551	1344.46863	394.6601	-105.68132	1410.49744	391.63965	-154.67056	1469.84521	71.29411	-135.73703	1489.68213	94.74253	-211.87057	1432.47424	34.56296	-190.25172	1605.90454	102.86468	-166.85124	1575.35693	70.94758	-116.07447	0	0	0	300	0	-203	0
1.027	1186.62207	767.70129	-167.6496	1360.37048	429.89316	-110.1228	1375.63855	432.09985	-238.12241	1354.09167	393.39795	-105.8262	1419.38953	390.42099	-155.82941	1480.40833	70.34748	-136.01804	1499.04846	93.4569	-212.50125	1442.27417	33.53626	-189.75319	1615.88647	102.18987	-169.17856	1586.14966	70.36216	-117.77754	0	0	0	300	0	-203	0
1.033	1196.50317	766.52515	-167.37952	1369.96692	428.7576	-110.58208	1382.75452	430.2854	-238.93242	1363.68677	392.16696	-105.95195	1428.23315	389.10284	-156.9061	1489.86414	69.12672	-136.43399	1507.42053	91.81931	-213.23164	1450.85791	32.46463	-189.39389	1624.79907	100.83537	-171.5101	1595.74048	69.18188	-119.52088	0	0	0	300	0	-203	0
1.04	1206.45496	765.3595	-167.09879	1379.62598	427.68207	-111.02806	1389.995	428.54294	-239.6561	1373.25696	390.95602	-106.06767	1437.04163	387.70187	-157.91684	1498.42444	67.66742	-136.95837	1514.99377	89.88069	-214.04128	1458.45251	31.3556	-189.14694	1632.85205	98.91501	-173.83206	1604.35913	67.49606	-121.28711	0	0	0	300	0	-203	0
1.047	1216.45764	764.20123	-166.80847	1389.32837	426.64716	-111.46617	1397.328	426.84882	-240.31874	1382.80957	389.75705	-106.17905	1445.82715	386.24121	-158.88165	1506.35193	66.03151	-137.5584	1522.00562	87.72089	-214.90637	1465.34509	30.22197	-188.97903	1640.30029	96.58636	-176.14032	1612.29126	65.43949	-123.06438	0	0	0	300	0	-203	0
1.053	1226.4873	763.0462	-166.51236	1399.05322	425.63281	-111.90073	1404.71045	425.17874	-240.9496	1392.35278	388.56363	-106.28899	1454.60181	384.74915	-159.82286	1513.95081	64.30154	-138.19708	1528.72717	85.44353	-215.80019	1471.87219	29.07671	-188.8521	1647.43579	94.043	-178.43929	1619.86707	63.18583	-124.84576	0	0	0	300	0	-203	0