633.21
628.46
640.51
624.55
636.43
640.22
636.05
638.84
636.13
621.42
628.50
620.67
632.92
631.17
628.56
637.18
633.83
634.40
631.47
620.80
632.32
630.17
619.99
637.40
637.31
627.80
636.69
626.64
633.64
633.20
630.93
630.58
635.46
623.13
631.22
618.16
630.76
628.26
628.56
632.82
631.72
624.60
625.28
609.62
625.98
621.86
627.96
627.65
624.33
622.05
612.76
608.66
617.22
628.42
629.81
618.25
626.74
628.15
621.04
627.12
634.59
617.61
614.38
625.58
633.28
624.87
633.81
616.51
624.09
629.93
636.14
632.54
634.93
637.54
632.09
619.61
634.90
633.24
635.63
622.50
621.31
638.39
630.99
631.42
634.52
627.13
634.16
632.96
631.42
628.21
634.86
613.79
624.75
624.54
624.29
624.04
628.02
626.22
619.39
610.29
608.25
609.99
613.59
611.56
614.32
604.35
603.15
600.25
594.85
605.35
591.64
592.15
597.35
586.81
589.40
578.18
589.32
582.75
580.56
569.98
567.42
575.36
570.38
566.27
558.00
558.86
545.15
554.43
545.75
542.82
542.55
517.93
512.88
526.75
520.74
497.55
499.65
483.88
490.94
484.36
474.33
452.38
456.08
453.31
448.11
426.54
434.43
411.54
404.96
414.46
402.08
393.15
391.01
386.83
375.15
378.40
370.91
353.91
345.83
358.63
352.79
341.59
338.78
338.92
328.90
330.43
326.04
305.15
306.17
317.27
298.67
297.95
303.05
301.68
302.18
298.48
295.66
283.40
284.19
291.96
290.26
286.70
284.00
290.52
297.48
281.51
298.67
281.35
283.33
285.61
284.04
287.90
286.78
299.63
296.87
305.47
294.58
286.01
282.02
301.38
290.86
288.70
289.27
292.86
292.13
295.19
281.12
303.67
296.51
292.92
302.35
308.58
299.59
309.07
303.18
310.69
299.05
314.34
317.97
324.34
324.99
310.82
321.57
313.76
329.82
339.41
341.51
344.82
346.46
348.94
362.03
363.02
355.86
378.47
390.15
382.25
404.96
405.08
406.54
432.62
440.63
437.98
434.24
452.89
453.81
464.87
456.99
477.49
477.05
495.06
502.96
500.97
508.73
517.59
524.89
537.57
533.94
535.07
539.92
543.93
546.87
552.47
575.53
573.47
586.07
580.87
602.35
591.22
598.47
614.65
608.39
617.48
618.24
610.32
624.29
621.68
633.41
636.89
644.89
638.14
640.70
655.36
654.01
655.26
651.94
659.61
663.82
657.92
666.72
662.00
679.12
682.83
684.02
693.59
698.93
700.61
711.63
698.40
705.84
727.68
718.85
726.44
735.86
728.14
742.33
755.12
758.23
760.08
759.82
782.86
784.75
791.49
796.74
806.32
807.81
807.12
827.37
825.94
839.36
836.83
857.17
864.50
860.46
881.96
897.49
902.31
906.49
926.43
935.14
940.02
961.10
966.49
976.33
991.80
996.31
1008.69
1012.95
1019.12
1038.83
1059.77
1060.18
1076.79
1086.86
1109.23
1121.42
1134.64
1130.90
1145.81
1160.63
1178.60
1193.93
1202.57
1205.62
1226.84
1232.19
1238.03
1266.03
1273.59
1280.99
1294.12
1303.54
1302.73
1315.31
1323.19
1334.11
1347.03
1339.90
1342.78
1361.97
1376.55
1371.01
1381.41
1385.24
1382.03
1394.20
1394.60
1382.61
1403.72
1403.37
1410.02
1411.47
1410.42
1416.94
1418.93
1403.51
1400.19
1422.09
1408.77
1415.90
1417.31
1414.22
1415.83
1417.10
1412.17
1391.44
1406.24
1407.70
1401.06
1398.75
1391.51
1386.20
1375.34
1383.59
1383.34
1378.92
1371.08
1352.65
1357.33
1362.29
1349.94
1355.67
1354.07
1339.93
1343.43
1328.75
1338.97
1337.34
1310.52
1323.55
1312.38
1300.68
1310.93
1310.60
1308.15
1286.88
1295.49
1296.97
1281.97
1277.24
1287.22
1264.97
1260.70
1264.21
1260.10
1266.00
1265.08
1244.76
1262.21
1259.73
1244.85
1246.11
1258.03
1253.08
1252.53
1241.35
1245.33
1246.46
1239.13
1228.90
1243.25
1232.10
1231.44
1220.65
1215.74
1224.73
1223.15
1212.92
1203.01
1216.98
1207.24
1210.47
1211.33
1216.69
1206.29
1212.96
1207.37
1197.49
1210.79
1204.75
1213.01
1197.93
1207.03
1201.42
1196.69
1205.56
1205.42
1186.95
1185.24
1204.70
1193.83
1203.75
1185.59
1192.03
1182.92
1202.12
1198.65
1187.46
1199.67
1200.09
1192.46
1197.52
1194.89
1189.60
1174.66
1170.64
1174.62
1189.18
1160.43
1176.02
1161.83
1152.64
1146.78
1154.76
1146.98
1124.06
1119.04
1125.72
1103.57
1102.10
1084.51
1080.67
1059.82
1045.37
1031.77
996.00
996.31
953.51
933.67
924.15
899.65
874.47
846.81
816.88
787.03
742.32
725.58
674.52
653.43
592.84
564.15
518.24
477.80
434.91
374.36
335.65
276.59
242.27
182.70
160.03
127.10
77.48
59.10
49.16
16.31
-0.33
-3.87
-1.13
-2.35
7.48
-2.29
9.39
-1.82
13.29
-3.26
7.07
14.04
-1.81
9.14
9.51
4.87
7.02
11.61
-4.42
10.35
4.44
4.84
5.73
3.82
0.01
10.78
9.89
13.21
-2.60
12.40
2.30
-3.01
7.54
7.12
3.68
14.62
13.08
13.43
8.79
-2.72
3.35
11.12
10.50
12.69
1.59
8.64
9.96
1.63
13.02
10.19
6.24
4.97
6.28
8.93
12.99
9.69
7.80
4.01
9.13
-2.31
-3.59
1.80
8.17
5.60
-4.08
16.15
-3.10
8.22
3.29
14.19
9.48
2.45
9.81
14.13
-3.22
12.51
3.41
12.12
4.93
3.22
3.67
14.16
8.61
-0.91
5.53
13.60
7.42
11.04
11.46
-3.26
3.34
7.23
6.82
4.01
1.04
6.27
1.42
6.91
-6.96
6.59
-5.48
9.63
12.74
5.94
-4.20
11.15
6.49
3.00
3.71
11.81
4.72
9.83
-7.15
6.73
-6.05
5.16
9.55
11.40
-5.64
-2.63
7.08
5.54
11.17
8.21
5.75
6.39
0.63
13.60
12.03
1.61
-1.36
15.32
10.81
8.42
9.42
8.15
-4.53
13.23
8.34
4.28
10.57
-2.13
8.84
9.48
10.29
16.96
4.54
-3.00
5.99
10.34
12.04
6.11
7.47
-6.37
3.50
10.09
9.28
0.78
10.28
-0.98
-2.66
13.52
8.51
6.36
11.87
9.95
4.19
11.20
1.49
9.55
-0.30
8.00
12.92
7.79
-5.95
14.34
-1.74
13.30
9.62
7.23
-6.40
10.42
12.00
11.47
7.57
10.36
2.05
-4.80
12.12
0.46
-2.65
8.50
3.80
-0.23
-1.16
-5.44
12.49
3.62
5.66
-2.29
3.91
11.85
5.80
-3.54
2.26
14.01
-3.53
-4.16
10.15
8.50
10.14
14.46
10.93
6.57
8.91
-2.13
11.83
11.33
0.17
-3.14
-1.68
6.78
6.50
-1.22
6.42
12.31
4.97
6.96
8.31
5.68
6.36
10.79
9.64
-7.07
4.00
6.65
10.65
-0.81
7.31
1.58
-2.32
12.47
-1.86
-0.92
6.61
0.30
-4.69
-3.31
2.73
-2.82
-1.50
9.89
4.70
13.55
118.94
124.51
232.76
314.91
505.25
654.62
781.43
942.87
1132.85
1281.14
1332.07
1280.08
1149.91
1013.59
845.31
697.40
575.68
491.63
449.17
440.16
445.77
468.98
503.75
534.93
555.91
606.28
663.25
700.35
731.17
796.52
849.87
898.72
974.84
1034.75
1261.15
1582.92
1936.25
2261.94
2711.28
3110.81
3398.11
3583.28
3632.84
3590.87
3509.27
3330.12
3197.90
3025.80
2880.81
2724.40
2545.15
2362.15
2172.60
2047.00
1921.64
1814.35
1728.96
1640.01
1574.70
1511.54
1476.89
1430.12
1410.37
1389.37
1364.07
1372.47
1395.33
1394.08
1401.02
1424.30
1442.15
1459.79
1476.05
1489.95
1499.03
1534.27
1529.28
1564.75
1571.57
1574.28
1576.99
1561.32
1562.17
1539.38
1524.98
1527.09
1502.60
1467.44
1458.35
1432.34
1417.17
1406.53
1402.78
1387.10
1372.31
1378.66
1351.36
1357.98
1352.59
1331.90
1336.64
1322.56
1325.51
1325.45
1320.46
1297.00
1308.79
1301.80
1277.48
1279.95
1254.91
1255.87
1240.47
1216.00
1212.96
1179.35
1181.43
1149.89
1145.10
1110.93
1092.30
1076.37
1074.39
1058.08
1043.97
1018.51
1013.39
989.25
990.84
972.21
956.76
929.74
925.74
919.52
885.56
889.10
877.70
856.22
845.40
830.02
817.55
798.32
790.73
768.16
771.50
741.37
743.41
728.66
713.12
705.15
692.03
664.30
660.70
638.02
630.84
618.71
619.57
606.43
592.16
586.21
570.10
556.37
543.57
519.88
527.78
511.41
496.07
484.80
481.86
477.83
452.25
454.10
431.76
440.28
414.21
407.86
415.44
399.47
385.10
381.00
384.04
382.08
374.50
357.82
362.11
342.41
352.04
336.03
343.94
340.40
341.59
321.27
333.01
333.67
329.71
322.63
321.28
331.75
328.01
331.26
319.48
321.36
328.81
310.85
322.21
312.92
328.74
322.70
321.35
323.59
323.40
329.80
328.79
314.15
319.79
328.31
319.55
338.35
337.61
340.11
335.05
328.75
341.62
343.23
345.21
350.20
357.32
358.22
363.85
361.77
370.44
356.52
372.69
375.42
377.91
383.05
386.18
380.74
399.96
406.69
396.15
414.99
420.26
418.28
423.42
425.27
427.64
443.89
441.19
455.60
458.35
451.67
470.18
477.61
465.48
480.52
498.40
490.18
504.30
513.00
523.84
528.88
523.32
529.64
548.98
544.60
562.27
571.29
562.64
578.27
575.52
598.81
603.84
593.42
606.49
618.20
610.26
634.00
620.19
641.66
647.33
632.79
656.91
652.66
658.48
664.05
664.07
674.78
675.22
679.50
682.92
673.21
684.67
682.12
683.35
685.35
688.49
680.53
692.34
697.35
698.26
681.13
689.50
684.61
676.14
683.29
693.24
688.55
697.89
691.53
694.83
673.38
689.06
684.32
675.57
674.00
678.49
672.50
657.73
661.35
667.87
665.03
649.98
654.04
658.22
659.79
657.51
636.32
648.63
637.06
646.50
644.04
638.65
638.59
637.54
623.10
635.56
620.72
636.45
618.61
631.42
627.65
622.12
621.73
630.77
622.61
623.41
618.58
627.44
629.76
627.44
624.39
622.61
612.62
624.61
615.77
621.41
622.83
623.64
627.15
626.79
626.46
628.73
625.34
630.62
625.96
624.13
621.84
631.55
623.50
630.41
631.89
633.12
623.38
630.90
626.23
636.85
629.45
635.61
618.67
638.74
638.29
641.76
629.49
641.99
638.53
642.23
640.17
625.28
644.37
642.43
628.37
642.35
640.58
630.43
633.62
639.88
646.55
646.81
643.87
641.58
639.50
