wn95b Shoulder Shoulder Hip Hip Tib.Epic. Tib.Epic. Knee Knee Ankle Ankle Heel Heel Ball Ball Toes Toes
Time "Mark01 X" "Mark01 Y" "Mark02 X" "Mark02 Y" "Mark03 X" "Mark03 Y" "Mark04 X" "Mark04 Y" "Mark05 X" "Mark05 Y" "Mark06 X" "Mark06 Y" "Mark07 X" "Mark07 Y" "Mark08 X" "Mark08 Y"
s cm cm cm cm cm cm cm cm cm cm cm cm cm cm cm cm
0 0.4712906 1.047275 0.4494103 0.7891239 0.4095792 0.4758839 0.3589489 0.4081892 9.45E-02 0.2148415 3.07E-02 0.2371598 8.44E-02 9.27E-02 0.1279945 4.63E-02
0.0143 0.4912951 1.049908 0.4721361 0.790293 0.4477207 0.4752086 0.3999762 0.4079608 0.1283513 0.2245611 6.65E-02 0.254043 0.1113028 0.1053656 0.1511493 5.20E-02
0.0286 0.5108712 1.052641 0.4937919 0.7921062 0.4860418 0.4760892 0.4416587 0.4086919 0.1655808 0.2323448 0.1046775 0.2661319 0.1451777 0.115675 0.1829731 5.81E-02
0.0429 0.5298926 1.05542 0.5143042 0.7945716 0.5240796 0.4786942 0.4833746 0.4104777 0.2055941 0.2376452 0.1443654 0.2727178 0.1854227 0.1224573 0.2230046 0.0631846
0.0572 0.5482962 1.058191 0.5337938 0.7976415 0.5615019 0.4830028 0.5245919 0.4133167 0.2478118 0.2400778 0.1851391 0.2736829 0.2311215 0.1251732 0.2700783 6.64E-02
0.0715 0.5661123 1.060892 0.5525721 0.8012131 0.5980546 0.4888261 0.5649147 0.4171121 0.2917947 0.2394681 0.226837 0.2693006 0.2813559 0.1239224 0.322859 6.73E-02
0.0858 0.5834751 1.063454 0.5710486 0.8051336 0.6335241 0.4958283 0.6040924 0.4216884 0.3372786 0.2358495 0.269592 0.2600645 0.3353209 0.1192022 0.3801252 6.61E-02
0.1001 0.6005926 1.065808 0.5895937 0.8092192 0.6677304 0.5035791 0.6419569 0.426812 0.384114 0.2294424 0.313779 0.2466342 0.3923163 0.1117339 0.4408185 0.0632216
0.1144 0.6176669 1.067884 0.6084343 0.8132755 0.7005352 0.511641 0.6783692 0.432213 0.4322369 0.220614 0.3598508 0.2298364 0.4517352 0.1024225 0.5040381 5.94E-02
0.1287 0.6348191 1.069622 0.6276567 0.8171057 0.7318316 0.5196223 0.7132176 0.4376067 0.4816727 0.2098356 0.4081548 0.2106164 0.5130581 9.23E-02 0.5690271 5.54E-02
0.143 0.6520825 1.070967 0.6472793 0.820518 0.7615265 0.5271518 0.7464122 0.4427116 0.5324864 0.1976576 0.4588367 0.1899226 0.5758219 8.22E-02 0.6351393 5.18E-02
0.1573 0.6694498 1.07188 0.6672915 0.8233441 0.7895628 0.5338596 0.7778897 0.4472722 0.5847095 0.1847023 0.5118484 0.1686385 0.6396017 7.30E-02 0.7018115 4.92E-02
0.1716 0.6869107 1.072335 0.6876414 0.8254561 0.8159543 0.5394173 0.8076402 0.4510796 0.6382844 0.1716502 0.5670221 0.1475873 0.7039965 6.51E-02 0.76854 0.0483537
0.1859 0.7044629 1.072324 0.7082136 0.8267691 0.8407747 0.5435733 0.8356956 0.4539802 0.6930127 0.1591794 0.6241163 0.1274921 0.7685853 5.92E-02 0.8348412 4.96E-02
0.2002 0.722124 1.071848 0.728863 0.827238 0.8641177 0.5461601 0.8620815 0.4558747 0.7485409 0.1478803 0.6827864 0.108923 0.8328991 5.56E-02 0.9002261 5.32E-02
0.2145 0.7399622 1.07092 0.7495147 0.826857 0.8860858 0.5470932 0.8868214 0.4567201 0.8043802 0.1382004 0.7425529 9.23E-02 0.8964758 5.45E-02 0.9641964 5.94E-02
0.2288 0.7581145 1.069562 0.7702101 0.8256593 0.9067855 0.5463741 0.9100061 0.4565286 0.8599186 0.1304226 0.8027982 7.82E-02 0.9588962 5.58E-02 1.026195 6.84E-02
0.2431 0.7767381 1.06781 0.7910411 0.8237182 0.9263173 0.5441019 0.9318305 0.4553632 0.9144357 0.1246549 0.8627503 6.67E-02 1.019658 5.99E-02 1.085529 7.98E-02
0.2574 0.7959467 1.065711 0.812097 0.821147 0.9448447 0.5404787 0.9525866 0.4533331 0.9671601 0.1208194 0.9214862 0.0580269 1.078026 0.0664357 1.141424 9.34E-02
0.2717 0.8157941 1.063326 0.8334605 0.8180987 0.9626865 0.5357956 0.9726604 0.4505922 1.017336 0.1186522 0.977958 5.20E-02 1.13304 7.52E-02 1.193154 0.1081744
0.286 0.8362665 1.060725 0.8551772 0.814763 0.9802698 0.5304316 0.9924717 0.447331 1.064214 0.1177394 1.030974 4.83E-02 1.183665 8.54E-02 1.240116 0.1231555
0.3003 0.8572721 1.057994 0.8772517 0.8113527 0.9980342 0.5248526 1.01236 0.4437575 1.107002 0.1175791 1.079226 4.63E-02 1.228967 9.58E-02 1.281872 0.1370854
0.3146 0.8786722 1.055229 0.8997058 0.8080722 1.016393 0.5195314 1.032532 0.440068 1.144921 0.1176281 1.121478 4.52E-02 1.268266 0.1048576 1.318178 0.1485624
0.3289 0.9003349 1.052528 0.9225953 0.8050914 1.035673 0.5148315 1.053081 0.4364236 1.177344 0.1173558 1.156808 0.0442441 1.301167 0.1108264 1.348943 0.1561458
0.3432 0.9221948 1.049991 0.9459594 0.8025475 1.056047 0.5109609 1.074023 0.4329528 1.203998 0.1163383 1.184755 0.0428866 1.327583 0.1124903 1.374267 0.1587068
0.3575 0.9442946 1.04772 0.9697697 0.8005574 1.077482 0.5080001 1.095313 0.4297701 1.225099 0.1143545 1.205396 4.11E-02 1.347826 0.1093753 1.394582 0.1557783
0.3718 0.9667411 1.045806 0.9939246 0.7992178 1.099719 0.5059581 1.116834 0.4269859 1.241359 0.1114468 1.219407 3.94E-02 1.362662 0.1019054 1.410696 0.147689
0.3861 0.9895961 1.044327 1.018264 0.7986012 1.122319 0.5048208 1.138392 0.4247045 1.253857 0.1079318 1.227999 3.83E-02 1.373188 9.13E-02 1.423613 0.1354717
0.4004 1.012802 1.043342 1.042549 0.7987517 1.144816 0.5045659 1.159761 0.4230084 1.263741 0.1043027 1.232665 3.80E-02 1.380588 7.91E-02 1.43422 0.1206224
0.4147 1.036201 1.042887 1.066476 0.7996749 1.166899 0.5051504 1.180785 0.4219337 1.271886 0.1010238 1.234859 3.85E-02 1.385877 0.0669829 1.443061 0.1048031
0.429 1.059605 1.042977 1.08977 0.8013303 1.188516 0.5064904 1.201424 0.4214542 1.278766 0.0983664 1.235792 3.94E-02 1.389767 5.62E-02 1.450374 8.96E-02
0.4433 1.082829 1.043604 1.112216 0.8036265 1.209726 0.5084322 1.221614 0.4214836 1.284571 9.64E-02 1.236313 4.04E-02 1.392682 4.76E-02 1.456285 7.62E-02
0.4576 1.105671 1.044745 1.133648 0.8064221 1.230389 0.5107225 1.241061 0.4218926 1.289352 9.50E-02 1.236859 4.14E-02 1.394858 4.14E-02 1.460912 6.55E-02
0.4719 1.12796 1.046358 1.15404 0.8095407 1.250025 0.5130265 1.259236 0.4225414 1.293127 9.42E-02 1.23754 4.24E-02 1.396463 3.76E-02 1.464374 5.76E-02
0.4862 1.149631 1.048388 1.17361 0.8128045 1.268018 0.5150251 1.275613 0.42331 1.295985 9.36E-02 1.238358 4.32E-02 1.397672 0.0358781 1.466826 5.23E-02
0.5005 1.17076 1.050763 1.192745 0.8160697 1.283968 0.5165235 1.289893 0.4241081 1.298147 9.33E-02 1.23937 4.40E-02 1.398697 3.55E-02 1.468516 4.92E-02
0.5148 1.191468 1.053399 1.211753 0.8192331 1.297833 0.5174783 1.302007 0.4248762 1.29986 9.32E-02 1.240607 4.48E-02 1.399701 3.57E-02 1.46973 4.76E-02
0.5291 1.211789 1.056202 1.230688 0.8222069 1.30978 0.5179473 1.311974 0.4255861 1.301226 9.32E-02 1.241921 4.54E-02 1.400657 3.60E-02 1.470618 4.70E-02
0.5434 1.231681 1.059075 1.249375 0.8249009 1.320027 0.5180362 1.319878 0.4262321 1.302171 0.0934305 1.242999 0.0456857 1.401356 3.61E-02 1.47116 4.68E-02
0.5577 1.251134 1.061917 1.267568 0.8272357 1.32882 0.5178876 1.326002 0.4268113 1.302611 9.37E-02 1.243558 4.58E-02 1.401604 0.0360547 1.47133 4.67E-02
0.572 1.270206 1.064629 1.285072 0.8291606 1.336495 0.5176699 1.330881 0.4273119 1.302608 9.41E-02 1.243529 4.58E-02 1.401414 3.59E-02 1.471202 4.64E-02
0.5863 1.288998 1.067116 1.301802 0.830649 1.343473 0.5175177 1.335139 0.4277075 1.30234 9.47E-02 1.243092 4.58E-02 1.400979 3.60E-02 1.470893 4.59E-02
0.6006 1.307638 1.069289 1.317806 0.8316829 1.350174 0.5174551 1.339244 0.4279633 1.301985 0.0953972 1.24252 4.59E-02 1.400499 3.62E-02 1.470505 4.54E-02
0.6149 1.326246 1.07107 1.333252 0.8322394 1.356907 0.5173531 1.343404 0.4280501 1.301679 9.63E-02 1.242034 4.63E-02 1.400094 3.62E-02 1.470135 4.48E-02
0.6292 1.344932 1.072389 1.348363 0.8322909 1.363833 0.5170053 1.34767 0.4279532 1.301569 9.72E-02 1.241799 0.0469428 1.399834 3.60E-02 1.469875 4.43E-02
0.6435 1.36378 1.073196 1.363309 0.831825 1.370994 0.5162822 1.352089 0.4276809 1.301793 9.82E-02 1.241922 4.77E-02 1.399725 3.55E-02 1.46977 4.37E-02
0.6578 1.382835 1.073457 1.378186 0.8308673 1.378364 0.5151875 1.356727 0.4272696 1.302403 9.90E-02 1.242431 4.84E-02 1.399705 0.0349461 1.469815 4.31E-02
0.6721 1.402122 1.07316 1.3931 0.8294786 1.385923 0.5138105 1.361643 0.426778 1.303355 0.0996387 1.243301 4.90E-02 1.399722 3.45E-02 1.469998 4.24E-02
0.6864 1.421651 1.072316 1.408242 0.8277318 1.393714 0.5122848 1.366888 0.4262736 1.30456 0.1001748 1.244493 4.94E-02 1.399807 0.0342707 1.470324 4.17E-02
0.7007 1.441414 1.070957 1.42383 0.8256972 1.401808 0.5107678 1.372517 0.4258241 1.305948 0.1006801 1.245971 4.98E-02 1.400074 3.43E-02 1.470795 4.10E-02
0.715 1.461365 1.069136 1.439937 0.8234425 1.410201 0.5094078 1.378552 0.4254899 1.307459 0.1012504 1.247664 5.04E-02 1.400616 3.44E-02 1.471361 4.03E-02
0.7293 1.481423 1.066917 1.456432 0.8210302 1.418806 0.5083039 1.384959 0.4253124 1.308992 0.1019839 1.249404 5.15E-02 1.401399 3.42E-02 1.471922 3.97E-02
0.7436 1.501531 1.064373 1.473134 0.8185175 1.42757 0.507486 1.391706 0.4253002 1.310426 0.1029885 1.250994 0.0533373 1.402283 3.38E-02 1.472366 3.93E-02
0.7579 1.521728 1.061591 1.490014 0.8159577 1.436641 0.506925 1.398855 0.4254223 1.311725 0.1043754 1.252364 5.59E-02 1.403131 3.34E-02 1.472627 3.90E-02
0.7722 1.542094 1.05866 1.507184 0.8133952 1.446363 0.5065495 1.406594 0.425615 1.312968 0.1062554 1.253602 5.91E-02 1.40385 3.35E-02 1.472693 3.88E-02
0.7865 1.562662 1.055677 1.524737 0.8108571 1.457084 0.5062514 1.415178 0.4258065 1.314284 0.1087463 1.25481 6.31E-02 1.404355 3.43E-02 1.472561 3.88E-02
0.8008 1.583369 1.052733 1.542672 0.8083534 1.469003 0.5058953 1.424856 0.4259276 1.315756 0.1119429 1.255993 6.78E-02 1.404515 3.55E-02 1.472169 0.0390212
0.8151 1.604133 1.049917 1.561017 0.8058873 1.482228 0.5053426 1.435886 0.4259003 1.317465 0.1158678 1.257181 7.32E-02 1.404237 3.67E-02 1.471453 3.93E-02
0.8294 1.624987 1.047308 1.579955 0.8034645 1.496936 0.5044742 1.448621 0.4256385 1.319649 0.120503 1.258602 7.94E-02 1.403596 3.77E-02 1.470487 0.0394724
0.8437 1.646109 1.044978 1.59981 0.8010889 1.513432 0.5031896 1.463487 0.4250648 1.322756 0.1258694 1.260689 8.69E-02 1.402839 3.83E-02 1.469488 3.95E-02
0.858 1.667759 1.042988 1.620911 0.7987617 1.532083 0.5013952 1.480868 0.4241181 1.327339 0.1320375 1.263994 9.59E-02 1.402325 3.86E-02 1.468728 0.0390834
0.8723 1.690178 1.041389 1.643515 0.7964928 1.553263 0.4990172 1.50103 0.4227611 1.333949 0.1390719 1.269144 0.1066937 1.402448 3.91E-02 1.468439 3.82E-02
0.8866 1.713497 1.040223 1.66777 0.7943137 1.577327 0.4960465 1.524125 0.4209925 1.343088 0.1470025 1.276819 0.1193718 1.403548 4.02E-02 1.468762 0.0368793
0.9009 1.737646 1.039525 1.693619 0.7922772 1.604468 0.4925742 1.550205 0.4188579 1.355142 0.1558285 1.287683 0.1340767 1.405846 4.27E-02 1.469745 0.0353499
0.9152 1.762266 1.039319 1.720698 0.7904524 1.634535 0.4887798 1.579214 0.4164547 1.370318 0.1654907 1.302268 0.1509095 1.409547 4.70E-02 1.471409 3.40E-02
0.9295 1.78671 1.03962 1.748336 0.7889224 1.667058 0.4848907 1.610936 0.4139293 1.38865 0.1758212 1.320861 0.1697624 1.415022 5.35E-02 1.473869 3.32E-02
0.9438 1.810255 1.040425 1.775719 0.7877819 1.701414 0.4811646 1.644996 0.411462 1.410089 0.1865447 1.343458 0.1900505 1.422921 6.22E-02 1.477587 3.36E-02
0.9581 1.83244 1.041713 1.802151 0.7871308 1.736983 0.477898 1.680965 0.4092528 1.434606 0.1973229 1.369812 0.2106102 1.434202 7.28E-02 1.483669 3.53E-02
0.9724 1.85322 1.043443 1.827193 0.7870668 1.77323 0.475421 1.718476 0.4075246 1.462199 0.2077842 1.399468 0.2299718 1.450027 8.46E-02 1.493898 3.84E-02
0.9867 1.872792 1.045561 1.850625 0.7876746 1.809733 0.4740571 1.757196 0.4065131 1.492777 0.2175197 1.431761 0.2468156 1.471474 0.0965567 1.510305 4.27E-02
1.001 1.891405 1.047992 1.872407 0.7890084 1.846227 0.4740689 1.796762 0.4064218 1.526096 0.2260605 1.465985 0.2602029 1.499196 0.1075169 1.534458 4.78E-02
1.0153 1.909315 1.050651 1.89274 0.7910784 1.88263 0.475618 1.836788 0.4073707 1.561872 0.2328766 1.501677 0.269506 1.533268 0.1160562 1.566928 5.30E-02
1.0296 1.926766 1.053442 1.912032 0.7938445 1.918948 0.4787353 1.876916 0.4093727 1.599924 0.237432 1.538769 0.2742793 1.573265 0.1210419 1.607275 5.75E-02
1.0439 1.943954 1.056263 1.930745 0.7972203 1.955147 0.4833145 1.916859 0.4123427 1.640151 0.2392945 1.577435 0.274277 1.618471 0.121914 1.65448 6.05E-02
1.0582 1.961006 1.059019 1.949263 0.8010831 1.991079 0.4891433 1.956357 0.4161313 1.682456 0.2382296 1.617864 0.2695647 1.668074 0.1188492 1.707364 6.15E-02
1.0725 1.978007 1.061621 1.967906 0.8052759 2.026471 0.4959399 1.995128 0.4205488 1.726744 0.2342344 1.660158 0.2605147 1.721334 0.1127193 1.764785 6.02E-02
1.0868 1.995033 1.063982 1.98694 0.809603 2.060984 0.5033658 2.03289 0.4253689 1.772939 0.2275142 1.704382 0.2476337 1.777662 0.1046563 1.825715 5.72E-02
1.1011 2.012149 1.066019 2.006523 0.8138369 2.094302 0.5110324 2.069397 0.4303313 1.820941 0.2184117 1.750606 0.2314351 1.836562 9.55E-02 1.889276 5.29E-02
1.1154 2.029416 1.067658 2.02667 0.8177466 2.126195 0.5185384 2.104448 0.4351606 1.870618 0.2073489 1.798928 0.2124738 1.897575 8.56E-02 1.954753 4.82E-02
1.1297 2.046898 1.068838 2.047264 0.8211268 2.156538 0.5255256 2.137906 0.4395972 1.921828 0.1948252 1.849461 0.1914385 1.960278 7.53E-02 2.021595 4.39E-02
1.144 2.064651 1.069514 2.068091 0.8238171 2.185291 0.5317006 2.16972 0.4434198 1.974437 0.1814253 1.902298 0.1691868 2.024278 6.53E-02 2.089274 0.0405064
1.1583 2.082682 1.06966 2.088912 0.8257059 2.212463 0.5368164 2.199894 0.4464528 2.028312 0.1677773 1.957471 0.1466628 2.08921 5.62E-02 2.15717 3.87E-02
1.1726 2.100927 1.069267 2.109541 0.8267267 2.238084 0.5406571 2.228426 0.4485691 2.083313 0.1545077 2.014893 0.1247679 2.154768 4.87E-02 2.224634 3.89E-02
1.1869 2.119303 1.068342 2.129897 0.8268567 2.26219 0.5430381 2.255296 0.4496955 2.139277 0.1422319 2.074305 0.1043112 2.22066 4.34E-02 2.291143 4.17E-02
1.2012 2.137771 1.066912 2.150002 0.8261123 2.284821 0.5438089 2.280541 0.4498192 2.195964 0.1315182 2.135276 8.60E-02 2.286478 0.0407737 2.35632 4.72E-02
1.2155 2.156341 1.065018 2.169943 0.8245411 2.306035 0.5428782 2.304336 0.4489886 2.252985 0.1227906 2.197222 7.04E-02 2.351656 4.12E-02 2.419832 5.56E-02
1.2298 2.175062 1.062718 2.189874 0.8222204 2.325924 0.5402719 2.326991 0.4473083 2.309739 0.1162404 2.259372 5.78E-02 2.415475 4.48E-02 2.481244 6.69E-02
1.2441 2.194016 1.060082 2.210016 0.8192642 2.344661 0.5361862 2.348872 0.4449302 2.365382 0.111814 2.320734 4.83E-02 2.477048 5.18E-02 2.539896 0.0808221
1.2584 2.213289 1.057191 2.230606 0.8158279 2.362543 0.5309796 2.370291 0.4420429 2.418856 0.1092665 2.380113 4.19E-02 2.535336 6.18E-02 2.594906 9.67E-02
1.2727 2.232909 1.054138 2.251768 0.8121001 2.379977 0.5251077 2.391431 0.4388534 2.468942 0.1082001 2.436101 3.81E-02 2.589177 7.38E-02 2.645308 0.113185
1.287 2.252853 1.051019 2.273474 0.8082848 2.397442 0.5190752 2.412375 0.4355634 2.514404 0.1080767 2.487122 3.63E-02 2.637387 8.61E-02 2.690243 0.1287816
1.3013 2.273128 1.047934 2.295672 0.8045886 2.415505 0.5133975 2.433232 0.4323476 2.554232 0.108284 2.531705 3.57E-02 2.679028 9.69E-02 2.729151 0.1417693
1.3156 2.293799 1.044981 2.318429 0.8012111 2.434737 0.5085186 2.454207 0.4293426 2.587869 0.1082408 2.568786 3.55E-02 2.713621 0.104394 2.761889 0.1505409
1.3299 2.314934 1.042255 2.341882 0.7983329 2.455504 0.5047314 2.475553 0.4266514 2.615296 0.1075068 2.597866 3.53E-02 2.741208 0.1071813 2.788734 0.1538608
1.3442 2.336574 1.039847 2.366102 0.796106 2.477825 0.5021694 2.49745 0.4243597 2.63704 0.1059159 2.619114 3.48E-02 2.762353 0.1048154 2.810303 0.1512292
1.3585 2.358754 1.037842 2.391023 0.7946457 2.501396 0.5008267 2.519926 0.4225453 2.65408 0.1036325 2.633413 3.44E-02 2.778086 9.78E-02 2.827462 0.1430486
1.3728 2.381479 1.036312 2.416403 0.7940162 2.525718 0.5005777 2.542865 0.4212644 2.667615 0.1010251 2.642204 3.43E-02 2.789683 8.74E-02 2.841237 0.1304859
1.3871 2.404648 1.035313 2.441821 0.7942281 2.550258 0.5012346 2.566055 0.4205359 2.678733 9.85E-02 2.647155 3.48E-02 2.798342 7.54E-02 2.852567 0.1152255
1.4014 2.428021 1.034889 2.466788 0.7952477 2.574587 0.5026182 2.589231 0.4203343 2.688113 9.62E-02 2.649782 3.59E-02 2.804909 6.34E-02 2.862017 9.92E-02
1.4157 2.451272 1.035068 2.490874 0.7970026 2.598379 0.5045531 2.612055 0.4205796 2.695959 9.44E-02 2.651175 3.71E-02 2.809824 0.0528314 2.869699 8.41E-02
1.43 2.474067 1.035865 2.51378 0.7993768 2.621272 0.5068107 2.634017 0.421136 2.70223 9.28E-02 2.651936 3.82E-02 2.813305 4.43E-02 2.87551 7.11E-02
1.4443 2.496124 1.03728 2.535364 0.8022152 2.642741 0.509109 2.654408 0.4218419 2.706875 0.091621 2.652312 3.88E-02 2.815522 0.0379917 2.879426 6.08E-02
1.4586 2.517298 1.039296 2.555673 0.8053446 2.662168 0.5111837 2.672511 0.4225542 2.709905 9.06E-02 2.652391 3.90E-02 2.816628 3.35E-02 2.88163 5.33E-02
1.4729 2.537643 1.041882 2.574933 0.8086082 2.679093 0.512862 2.687894 0.423175 2.711439 8.97E-02 2.652229 3.86E-02 2.816797 3.04E-02 2.882485 4.83E-02
1.4872 2.557421 1.044994 2.593524 0.8118922 2.693465 0.5140885 2.700542 0.4236581 2.711771 0.0890035 2.651885 3.79E-02 2.816321 2.83E-02 2.882486 4.51E-02
1.5015 2.577106 1.048585 2.611952 0.8151274 2.705665 0.5148935 2.710787 0.4239947 2.711383 8.85E-02 2.651447 3.72E-02 2.815597 2.71E-02 2.882173 4.32E-02
